Column1;C_n;Fai_n;e2(input);v2(output);e3;v3;e4;v4;e5;v5
;0;0;9,34034E+14;1,73176E+14;6,64906E+14;8,89264E+13;5,87408E+14;8,43823E+13;1,08104E+16;6,84537E+13
;0;0;1,46306E+16;1,77633E+14;7,35813E+14;9,67174E+13;1,16341E+16;6,75117E+13;9,883E+14;2,296E+13
;0;0;1,55377E+16;1,67706E+14;5,16136E+14;9,45314E+13;4,90146E+14;8,96159E+12;1,42366E+14;3,09712E+13
;0;0;8,13705E+14;1,74276E+14;1,11207E+16;1,85316E+14;1,04025E+16;1,49808E+13;1,45383E+16;1,36565E+13
;0;0;1,2637E+16;3,20269E+14;3,85156E+14;9,00585E+13;1,45123E+16;8,58457E+13;1,66425E+16;6,85059E+13
;0;0;1,47069E+16;1,90418E+14;7,11221E+14;1,34237E+14;3,17019E+14;2,54301E+13;1,86591E+16;5,28036E+13
;0;0;1,96304E+16;4,29222E+14;8,55462E+14;7,78397E+13;1,10855E+16;6,89859E+13;2,04835E+16;5,18489E+12
;0;0;1,67988E+16;2,48007E+14;7,25534E+14;2,87454E+13;1,30298E+16;7,89746E+13;1,64519E+16;2,32849E+13
;0;0;6,32613E+14;1,94452E+14;7,25907E+14;8,83188E+13;1,05879E+16;6,16965E+13;2,10637E+16;2,61493E+13
;0;0;1,32483E+16;1,19852E+14;4,13897E+14;6,22139E+13;6,85665E+14;2,45804E+13;2,75725E+16;3,62873E+13
;0;0;1,19936E+16;1,14681E+14;6,96735E+14;1,22892E+14;9,00283E+14;5,51486E+13;1,26249E+16;5,35987E+13
;0;0;8,65605E+14;2,4979E+14;6,18051E+14;1,10733E+14;1,8359E+16;7,33007E+13;1,07724E+16;3,02748E+13
;0;0;1,02184E+16;4,53036E+13;8,1355E+14;1,80251E+13;3,15145E+14;2,02971E+13;1,3535E+16;1,38944E+13
;0;0;2,20282E+16;2,83625E+14;9,75275E+14;1,54221E+14;1,76052E+16;6,84214E+13;1,37019E+16;6,83644E+13
;0;0;1,70852E+16;2,93896E+14;6,56909E+14;1,44104E+14;1,12835E+16;2,29187E+13;9,4261E+14;1,76902E+13
;0;0;1,10816E+16;2,65484E+14;5,24835E+14;9,73736E+13;1,45001E+14;4,8734E+13;1,39822E+16;1,40341E+13
;0;0;1,94275E+16;2,49325E+14;9,83137E+14;1,19111E+14;2,02017E+14;6,05724E+13;1,19222E+16;1,97459E+13
;0;0;5,66135E+14;4,94286E+13;4,75545E+14;1,15497E+14;1,30044E+16;8,41475E+13;1,35889E+16;1,89447E+13
;0;0;1,6088E+16;4,14996E+14;1,51928E+16;2,97224E+13;8,96539E+14;2,24325E+13;1,43636E+16;2,49694E+13
;0;0;2,24032E+16;1,99826E+14;2,49606E+14;1,23609E+14;1,36034E+14;4,13104E+13;1,1349E+16;1,81078E+13
;0;0;7,67937E+14;1,46259E+13;2,24421E+14;8,64584E+13;2,89754E+14;9,53482E+13;7,00241E+14;4,16412E+13
;0;0;1,81255E+16;2,78725E+14;3,15191E+16;1,48931E+14;3,96495E+14;6,33613E+13;9,25916E+14;1,96679E+13
;0;0;1,55616E+16;1,48327E+14;2,36001E+16;2,46924E+14;7,12323E+14;4,35169E+13;1,08137E+16;3,80661E+13
;0;0;2,46126E+16;3,53221E+14;9,19639E+14;1,01261E+14;1,59861E+16;2,37058E+13;1,68106E+16;2,2979E+13
;0;0;1,56217E+16;1,34573E+14;1,03254E+16;3,34551E+13;1,01212E+16;5,55871E+13;1,36213E+16;6,79244E+13
;0;0;7,15135E+14;2,23271E+14;1,28307E+16;6,91205E+13;4,1153E+14;1,59293E+13;9,51269E+14;3,94561E+13
;0;0;5,48712E+14;1,64402E+14;1,58253E+16;1,51208E+13;1,05616E+16;8,2194E+13;1,52714E+16;4,94654E+13
;0;0;1,72983E+16;1,87864E+14;9,3455E+14;1,2926E+14;1,72397E+16;6,81323E+13;1,36982E+16;1,17973E+13
;0;0;2,13282E+16;4,22059E+14;4,53675E+14;9,703E+13;6,73881E+14;7,26008E+12;9,19478E+14;3,0223E+13
;0;0;1,11689E+16;1,45328E+14;7,69627E+14;6,54357E+13;7,26041E+14;5,55525E+13;8,46007E+14;5,50678E+13
;0;0;4,54826E+14;1,32042E+14;1,688E+16;1,2919E+14;1,76939E+16;7,10484E+13;1,2011E+16;2,62972E+13
;0;0;1,22924E+16;2,57821E+14;1,03406E+16;1,11565E+14;2,93593E+16;5,59287E+13;2,00552E+16;1,82454E+13
;0;0;1,21098E+16;2,61057E+14;1,54674E+16;1,94262E+14;1,08257E+16;6,23468E+13;8,76112E+14;3,70181E+13
;0;0;5,82001E+14;1,66644E+14;7,81228E+14;4,22801E+13;1,1325E+16;2,12768E+12;1,24213E+16;8,70453E+12
;0;0;1,25213E+16;3,17967E+14;2,50601E+16;2,16205E+14;1,1629E+16;9,67278E+13;1,42808E+16;2,27152E+13
;0;0;1,27319E+16;4,34503E+14;1,26046E+16;1,72201E+14;1,85507E+16;1,25032E+14;1,31284E+16;1,3334E+13
;0;0;6,32516E+13;7,18634E+13;1,28837E+16;1,58704E+14;1,22529E+16;6,43314E+13;7,24663E+14;5,00302E+13
;0;0;1,67027E+16;6,67838E+13;1,89353E+16;2,13232E+14;1,24438E+16;1,25762E+14;2,54916E+16;3,05708E+13
;0;0;2,33294E+16;3,92813E+14;8,64268E+14;1,32031E+14;8,89322E+14;2,77484E+13;1,95602E+16;3,80224E+13
;0;0;1,3923E+16;2,56456E+14;3,82032E+14;2,92328E+13;3,41136E+14;4,89447E+13;1,95463E+16;4,16102E+13
;0;0;1,64828E+16;2,00537E+14;1,19361E+16;9,66669E+13;8,12086E+14;6,95099E+13;1,8193E+16;9,81624E+12
;0;0;9,27172E+14;2,4023E+14;1,34117E+16;2,01722E+14;8,4933E+14;4,75459E+13;6,51212E+14;1,99779E+13
;0;0;2,39893E+16;1,6886E+14;4,27634E+14;1,42565E+14;6,06597E+14;1,13366E+14;5,99579E+14;4,72088E+13
;0;0;1,26289E+16;1,76671E+14;1,86478E+16;1,52045E+14;9,88093E+14;6,72062E+13;1,33021E+16;3,28745E+13
;0;0;2,17742E+16;2,70742E+14;1,01481E+16;7,9159E+13;1,05301E+16;1,08564E+14;1,23294E+16;5,34417E+13
;0;0;1,21502E+16;3,28293E+14;2,25985E+16;8,10334E+13;1,55233E+16;8,17093E+13;2,61847E+16;5,58296E+13
;0;0;4,45308E+14;1,82467E+13;1,50918E+16;2,01652E+14;1,57087E+16;1,5146E+14;1,20351E+16;3,58937E+13
;0;0;1,64955E+16;3,47699E+14;5,81081E+14;1,22898E+14;6,6853E+14;2,32377E+13;1,97471E+16;3,63427E+13
;0;0;1,2765E+16;1,65659E+14;1,97014E+16;1,65979E+14;1,40546E+16;5,44888E+13;8,18974E+14;1,27681E+13
;0;0;5,80352E+14;1,50035E+13;2,51626E+16;1,77288E+14;2,0297E+16;1,01797E+14;6,43907E+14;3,28029E+13
;0;0;3,74832E+14;1,18277E+14;1,53867E+16;1,90553E+14;2,64497E+14;3,44537E+13;8,39599E+14;3,13282E+13
;0;0;1,43049E+16;2,74082E+14;1,50649E+16;5,32226E+13;3,02372E+14;5,69872E+13;2,01725E+16;5,97116E+13
;0;0;5,47643E+13;1,159E+14;1,31987E+16;6,69689E+13;9,06168E+14;6,63486E+13;9,65739E+14;5,26439E+13
;0;0;3,47181E+16;5,24294E+14;4,19807E+14;9,08438E+13;4,17434E+14;5,27902E+13;1,72744E+16;5,23833E+13
;0;0;1,69348E+16;3,15827E+14;1,03446E+16;1,04088E+14;1,09731E+16;4,05305E+13;3,47182E+16;5,27152E+13
;0;0;9,52818E+14;1,02955E+14;1,56299E+16;1,03659E+14;9,58742E+14;5,33782E+13;8,35605E+14;2,04913E+13
;0;0;1,11602E+16;1,90212E+14;2,39848E+14;7,61018E+13;9,48218E+14;7,64211E+13;1,63004E+16;3,30153E+13
;0;0;1,50111E+16;1,35576E+14;7,77433E+14;9,29703E+13;1,64056E+16;7,21326E+13;8,39642E+14;6,21703E+12
;0;0;1,84953E+16;3,03712E+14;1,49768E+16;1,4987E+14;5,26121E+14;6,3933E+13;1,58326E+16;1,84212E+13
;0;0;1,28399E+16;6,95075E+13;1,38406E+16;9,48679E+13;1,64853E+16;1,39796E+14;1,34782E+16;4,46373E+13
;0;0;2,58786E+16;2,60639E+14;3,65903E+14;1,26891E+14;6,06649E+14;4,16975E+13;1,12621E+16;4,68992E+13
;0;0;8,87105E+14;1,58374E+14;1,47376E+16;1,09409E+14;4,06766E+14;7,41461E+13;2,0784E+16;1,19558E+13
;0;0;6,90216E+14;1,24528E+14;1,7702E+16;2,19895E+14;4,46581E+14;3,72146E+13;1,06716E+16;1,52302E+13
;0;0;9,6998E+14;2,00193E+14;1,99062E+16;1,86505E+14;1,00182E+16;6,8053E+13;2,46083E+16;3,55599E+13
;0;0;1,30924E+16;1,35138E+14;1,37136E+16;7,46107E+13;1,22323E+16;1,08343E+14;1,34025E+16;1,62166E+13
;0;0;4,67357E+14;1,0545E+14;1,70246E+16;1,496E+14;1,21917E+16;2,18516E+13;1,57279E+16;1,41359E+13
;0;0;8,77925E+14;6,11032E+13;1,38556E+16;1,59608E+14;1,02E+16;7,45798E+13;2,78975E+16;2,87948E+13
;0;0;1,17009E+16;3,61753E+14;1,14271E+16;4,95044E+13;1,29855E+16;3,6289E+13;8,20185E+14;1,48901E+13
;0;0;1,65058E+16;2,24889E+14;7,08411E+14;3,89424E+13;1,23012E+16;7,51853E+13;5,91403E+14;4,03409E+13
;0;0;1,78412E+16;3,627E+14;7,35282E+14;2,79788E+13;4,03789E+14;5,91472E+13;1,10947E+16;3,47127E+13
;0;0;1,68028E+16;3,21911E+14;1,43037E+16;1,59878E+14;7,42776E+14;5,01992E+13;3,60303E+14;3,42398E+13
;0;0;1,70544E+16;3,00297E+14;1,06339E+16;1,30169E+14;1,63026E+16;3,60264E+13;1,06408E+16;2,79881E+13
;0;0;1,49551E+16;1,21006E+14;2,2105E+16;1,09032E+14;1,30913E+16;3,40355E+13;1,31005E+16;3,75633E+13
;0;0;1,1751E+16;1,56444E+14;1,89916E+16;1,02469E+14;2,18095E+16;1,53507E+14;1,76668E+16;3,58922E+13
;0;0;1,50293E+16;1,91941E+14;1,45374E+16;1,50053E+14;4,52377E+14;2,83688E+13;1,80432E+16;1,79578E+13
;0;0;3,51404E+14;1,40391E+14;1,09997E+16;2,92031E+14;1,41186E+16;6,3499E+13;1,51105E+16;1,62319E+13
;0;0;5,66685E+14;1,56039E+14;1,15669E+16;1,18522E+14;1,08415E+16;8,54824E+13;4,46132E+14;6,71373E+12
;0;0;9,43732E+14;2,85436E+14;1,73071E+16;7,28732E+13;9,59915E+14;3,9141E+13;6,23398E+14;1,54791E+13
;0;0;4,8625E+14;3,22799E+13;8,19179E+14;1,18315E+14;5,36124E+14;1,46425E+13;7,9214E+14;1,22772E+13
;0;0;1,20363E+16;3,13637E+14;2,95407E+14;9,83493E+13;4,20537E+14;4,20388E+13;2,58742E+16;2,33304E+13
;0;0;1,77907E+16;3,24912E+14;8,56159E+14;9,57401E+13;8,69174E+14;6,19037E+13;2,15359E+16;3,24071E+13
;0;0;5,05759E+14;1,34054E+14;1,0195E+16;1,15118E+14;1,41932E+16;2,46376E+13;1,34759E+16;2,48946E+13
;0;0;8,97992E+14;3,04964E+14;1,72263E+16;1,63311E+14;6,45452E+14;4,11452E+13;1,27336E+16;4,10133E+13
;0;0;4,48528E+14;9,38756E+13;7,17984E+14;3,58944E+13;1,55549E+16;1,03092E+14;9,07918E+14;3,39767E+13
;0;0;1,48145E+16;3,46132E+14;1,44936E+16;1,58808E+14;1,44161E+16;5,61896E+13;2,08315E+16;2,80476E+13
;0;0;7,55603E+14;5,50402E+13;7,41822E+14;6,88637E+13;3,59709E+14;9,71267E+13;9,04235E+14;8,93118E+12
;0;0;4,43392E+14;1,12543E+14;3,66797E+14;8,65036E+13;7,66174E+14;5,38941E+13;1,24183E+16;2,52797E+13
;0;0;1,09898E+16;1,18246E+14;7,8015E+14;5,79652E+13;8,52767E+14;1,00895E+14;2,75458E+14;1,49155E+13
;0;0;2,7798E+14;1,50159E+14;6,05978E+14;3,3561E+13;1,37233E+16;5,11088E+13;1,54697E+16;4,11938E+13
;0;0;2,47698E+16;3,77016E+14;2,2376E+16;2,18987E+14;1,72617E+16;2,34076E+13;1,92134E+16;4,25524E+13
;0;0;1,7197E+16;9,13215E+13;1,56051E+16;1,34555E+14;3,25753E+16;1,06469E+14;1,19752E+16;3,05278E+13
;0;0;1,07727E+16;3,28742E+14;1,15787E+16;1,23325E+14;3,146E+16;1,00214E+14;1,27499E+16;2,0248E+13
;0;0;1,82148E+16;4,04604E+14;8,4739E+14;4,77747E+13;2,82116E+16;5,66627E+13;2,07253E+16;3,06764E+13
;0;0;3,9668E+14;3,41196E+13;2,35264E+16;1,92365E+14;1,50069E+16;5,1411E+13;1,34258E+16;1,76618E+13
;0;0;9,3498E+14;1,79151E+14;1,05309E+16;1,01725E+14;1,03057E+16;5,39288E+13;2,37431E+16;3,93526E+13
;0;0;1,39691E+16;1,33816E+14;1,38017E+14;7,2728E+13;1,017E+16;1,1591E+14;6,54642E+14;3,32567E+13
;0;0;5,27236E+14;1,83285E+14;1,91895E+16;9,6042E+13;5,78611E+14;4,94112E+13;6,34032E+14;3,31877E+13
;0;0;1,03573E+16;2,52851E+14;6,99246E+14;1,10726E+14;1,17657E+16;7,49938E+13;1,96808E+16;2,78817E+13
;0;0;2,46928E+16;4,25566E+14;1,4617E+16;1,77656E+14;1,90829E+16;7,70983E+13;1,7686E+16;1,31046E+13
;0;0;1,56698E+16;3,25073E+14;2,26545E+16;3,95858E+14;8,40564E+14;4,43745E+13;2,27873E+16;5,10136E+13
;0;0;2,49703E+16;5,11272E+14;1,96157E+16;2,19106E+14;5,82039E+14;5,49318E+13;6,74677E+14;4,67071E+13
;0;0;1,65509E+16;3,082E+14;1,13304E+16;1,56456E+14;1,46428E+16;4,82414E+13;1,82325E+16;2,84102E+13
;0;0;1,55652E+16;7,83169E+13;1,6301E+16;4,87391E+13;1,47775E+16;7,91658E+13;1,25987E+16;3,04147E+13
;0;0;7,86841E+14;2,42811E+14;5,22195E+14;1,34814E+14;1,2466E+16;4,54241E+13;7,90794E+14;1,67745E+13
;0;0;1,05088E+16;3,47486E+13;6,04218E+14;4,37763E+13;6,1923E+14;1,49771E+13;2,94855E+16;3,3883E+13
;0;0;1,37341E+16;2,28163E+14;1,44478E+16;3,2352E+14;2,24396E+16;7,761E+13;1,10983E+16;1,34641E+13
;0;0;1,56654E+16;1,4785E+14;1,88459E+16;8,1162E+13;6,49519E+14;4,33661E+13;1,62611E+16;4,29399E+13
;0;0;1,75288E+16;1,32396E+14;1,35033E+16;1,41759E+14;8,27427E+14;1,73613E+13;1,48892E+16;6,77848E+12
;0;0;2,39994E+16;2,46518E+14;1,67034E+16;1,26992E+14;1,60025E+16;6,94173E+13;2,1822E+16;2,75236E+13
;0;0;1,24856E+16;5,0201E+13;1,19773E+16;1,29689E+14;1,25435E+16;4,03508E+13;1,28479E+16;8,94736E+12
;0;0;2,13576E+16;3,46372E+14;1,77298E+16;1,34866E+14;3,59568E+14;1,33538E+12;2,38893E+16;3,55581E+12
;0;0;1,50678E+16;3,37306E+14;2,39979E+16;1,69901E+14;2,08569E+16;8,06885E+13;6,67385E+14;3,02205E+13
;0;0;4,01681E+14;1,00125E+14;1,01216E+16;8,07198E+13;1,15042E+16;2,71401E+13;2,50823E+14;2,39961E+13
;0;0;1,41756E+16;1,38094E+14;9,63403E+14;1,78899E+14;9,97779E+14;2,56361E+13;8,00918E+14;1,58354E+13
;0;0;1,99719E+16;1,19025E+14;9,17762E+14;6,88339E+13;1,0477E+16;5,30395E+13;7,95483E+14;5,79497E+13
;0;0;1,36158E+16;2,45684E+14;9,49432E+14;9,83264E+13;1,04698E+16;1,87209E+13;8,00284E+14;4,10209E+13
;0;0;1,4628E+16;1,1526E+14;2,88762E+14;1,28445E+14;1,20549E+16;1,29002E+14;3,66113E+14;4,05629E+13
;0;0;4,42711E+14;2,38703E+14;6,78146E+14;1,20355E+14;1,04583E+16;3,36093E+13;8,99356E+14;3,93148E+13
;0;0;1,70494E+16;3,02548E+14;2,24665E+14;1,71777E+13;5,01474E+14;7,29234E+13;2,86335E+16;2,45007E+13
;0;0;7,11704E+14;7,28574E+13;5,20957E+14;5,54133E+13;1,59653E+14;5,46815E+13;1,21934E+16;5,2394E+12
;0;0;1,74298E+16;2,57715E+14;7,64021E+14;1,30881E+14;9,94713E+14;4,9348E+13;5,51976E+14;1,88686E+13
;0;0;1,44276E+16;2,72522E+14;9,45935E+14;1,3761E+14;9,82803E+14;6,7234E+13;1,31677E+14;1,64875E+13
;0;0;1,77183E+16;3,29997E+14;8,85946E+14;4,76514E+13;2,11154E+16;5,39371E+13;6,09109E+14;6,00474E+13
;0;0;2,26506E+16;4,04181E+14;1,97073E+16;1,12267E+14;1,51981E+16;1,3553E+14;1,55635E+16;1,80994E+13
;0;0;1,18691E+16;2,84262E+14;1,24699E+16;1,07704E+14;2,98926E+16;1,55755E+14;1,35573E+16;2,42333E+13
;0;0;7,33063E+14;8,14206E+13;1,59193E+16;1,36707E+14;1,5101E+16;9,70638E+13;2,40882E+14;3,27472E+13
;0;0;1,37218E+16;3,1425E+14;9,26241E+14;9,99029E+13;1,23573E+16;6,56803E+13;1,08128E+16;1,00051E+13
;0;0;9,70011E+14;2,02295E+14;1,59733E+16;1,22799E+14;1,7149E+16;6,27075E+13;1,12142E+16;3,27884E+13
;0;0;2,51683E+16;3,47017E+14;1,59097E+16;2,09729E+14;6,98098E+14;1,45337E+13;2,66467E+16;4,15546E+13
;0;0;1,2028E+16;2,7228E+14;2,23032E+14;1,36094E+14;1,77862E+16;2,42691E+13;1,84299E+16;4,29172E+13
;0;0;1,3628E+16;2,08525E+14;1,60007E+16;1,49162E+14;1,94211E+16;5,66719E+13;1,41526E+16;4,21685E+13
;0;0;1,34183E+16;2,91105E+14;1,43851E+16;1,16167E+14;1,53194E+16;7,3106E+13;7,8503E+14;2,99121E+13
;0;0;1,64149E+16;2,46826E+14;8,70095E+14;1,3795E+14;8,96363E+14;7,359E+13;1,54718E+16;2,08297E+13
;0;0;2,82866E+14;1,36099E+14;8,56629E+14;2,61008E+13;1,11727E+16;5,34871E+13;1,90401E+14;2,9042E+13
;0;0;1,55362E+16;8,49591E+13;1,02981E+16;7,97561E+13;1,31134E+16;2,98173E+13;5,474E+14;3,63488E+13
;0;0;1,88646E+14;2,10127E+14;1,57543E+16;2,17846E+14;2,49564E+16;3,02762E+13;8,40905E+14;3,33238E+13
;0;0;1,64281E+16;1,09111E+14;1,2046E+16;1,32821E+14;1,09193E+16;4,16816E+13;6,61254E+14;3,8559E+13
;0;0;3,05564E+16;4,04485E+14;9,12982E+14;1,2656E+14;1,43835E+16;7,82153E+13;1,60035E+16;1,13706E+13
;0;0;1,86838E+16;3,78834E+14;1,14554E+16;1,14536E+14;1,0511E+16;5,88855E+13;5,48095E+14;5,44139E+13
;0;0;8,88642E+14;1,11793E+14;1,62133E+16;3,46753E+13;7,4769E+14;2,50996E+13;7,73762E+14;3,06508E+13
;0;0;3,89959E+14;1,23812E+14;2,55271E+16;1,85434E+14;1,15932E+16;5,74065E+13;2,35464E+16;1,05866E+13
;0;0;1,73297E+16;1,0678E+14;5,52707E+14;1,09277E+14;4,51892E+14;8,55108E+13;2,06393E+16;2,48669E+13
;0;0;1,85026E+16;2,95292E+14;5,3375E+14;7,26654E+13;1,98879E+16;7,02962E+13;4,48794E+14;1,54668E+13
;0;0;7,5244E+14;2,26805E+14;4,97361E+14;7,96707E+13;6,04909E+14;5,10749E+13;2,18382E+16;6,5287E+13
;0;0;5,68305E+14;2,16618E+13;2,33985E+16;1,86691E+14;2,12547E+16;1,0176E+14;1,73437E+16;1,54632E+13
;0;0;1,71579E+16;4,39912E+14;1,40517E+16;2,23494E+14;1,23577E+16;6,58411E+13;1,02569E+16;2,57419E+13
;0;0;1,78051E+16;4,24157E+14;1,01951E+16;1,59191E+14;1,03412E+16;1,06059E+14;1,1246E+16;5,2627E+12
;0;0;1,16791E+16;9,2259E+13;1,32857E+16;1,14252E+14;2,33879E+16;8,30792E+13;1,14301E+16;3,63246E+13
;0;0;1,39396E+16;3,17694E+14;6,66568E+14;1,02102E+14;1,21912E+16;9,66828E+13;5,99966E+14;8,94622E+12
;0;0;1,37862E+16;2,17779E+14;4,37701E+14;8,63568E+13;1,05679E+16;4,47215E+13;1,27325E+16;3,36757E+13
;0;0;7,12423E+14;1,65541E+14;5,49258E+14;1,30369E+14;1,26714E+16;1,47693E+13;1,67022E+16;3,58117E+13
;0;0;5,16026E+14;4,10089E+13;2,17002E+16;1,49211E+14;7,82652E+14;5,14338E+13;5,44693E+14;2,22066E+13
;0;0;7,12564E+14;3,72425E+14;8,53182E+14;1,01487E+14;1,69029E+16;7,26132E+13;1,14724E+16;9,79362E+12
;0;0;8,48236E+14;2,67342E+14;1,83262E+16;1,41474E+14;1,13729E+16;7,05312E+13;9,05015E+14;3,57217E+13
;0;0;5,65982E+14;1,94829E+14;1,48361E+16;2,18414E+14;1,08607E+16;9,04356E+13;2,94923E+16;3,018E+13
;0;0;2,01301E+16;1,80138E+14;2,02173E+16;1,90059E+14;8,42508E+14;2,98827E+13;1,00176E+16;3,8512E+13
;0;0;7,87385E+14;1,67077E+14;1,37779E+16;2,26253E+14;1,60869E+16;1,16556E+14;2,38603E+16;3,62913E+13
;0;0;1,89856E+16;1,70309E+14;1,4561E+16;8,38174E+13;4,39895E+14;7,97283E+13;7,83601E+14;4,30856E+13
;0;0;7,65693E+14;7,85107E+13;1,82325E+16;1,10596E+14;1,19198E+16;3,05996E+13;1,00731E+16;5,01032E+13
;0;0;2,75805E+16;3,70905E+14;7,39691E+14;2,0805E+13;3,07021E+16;1,06126E+14;1,3801E+16;1,2176E+13
;0;0;1,39083E+16;1,94023E+14;8,61519E+14;3,84045E+13;1,166E+16;7,67698E+13;7,7145E+14;2,57879E+13
;0;0;8,44277E+14;1,14162E+14;2,64815E+14;1,04776E+14;8,48911E+14;3,32124E+13;1,49116E+16;3,43216E+13
;0;0;1,28339E+16;9,32346E+13;1,19683E+16;1,37628E+14;1,57791E+16;1,66974E+13;2,1118E+16;1,73879E+13
;0;0;1,01227E+16;1,95805E+14;1,29239E+16;1,37228E+14;2,78129E+14;3,54553E+13;1,18723E+16;4,60174E+13
;0;0;7,69052E+14;2,02071E+14;3,5075E+14;1,1189E+14;1,76212E+16;4,39373E+13;1,50818E+14;1,72984E+13
;0;0;1,83371E+16;2,69964E+14;1,21119E+16;1,56585E+14;2,43859E+16;1,02257E+14;1,29359E+16;5,49454E+13
;0;0;2,04474E+14;8,97174E+13;1,80411E+16;1,03897E+14;2,31634E+14;9,14846E+13;9,22509E+14;2,40701E+13
;0;0;8,57527E+14;7,75274E+13;5,92558E+14;6,22609E+13;7,6648E+14;4,49448E+13;1,8451E+16;2,74818E+13
;0;0;3,57814E+14;1,32576E+14;5,37514E+14;7,10656E+13;6,1515E+14;7,93229E+13;1,59096E+16;1,9023E+13
;0;0;1,47243E+16;9,20607E+13;2,1705E+16;2,64716E+14;6,07559E+14;8,14314E+13;6,25216E+14;6,03608E+13
;0;0;7,26381E+14;1,6936E+14;1,23983E+16;6,23349E+13;9,39352E+14;2,37803E+13;1,57665E+16;6,09824E+12
;0;0;1,46449E+16;2,98149E+14;8,66034E+14;1,74339E+13;2,20464E+16;5,29205E+13;2,53113E+16;5,10339E+13
;0;0;1,01639E+16;2,97551E+14;6,32824E+14;6,17061E+13;1,6748E+16;5,24302E+13;4,796E+14;3,41589E+13
;0;0;9,20366E+14;1,94309E+14;1,07505E+16;4,4598E+13;1,60758E+16;2,85889E+13;9,74744E+14;3,47637E+13
;0;0;5,07681E+14;1,15457E+14;2,00389E+16;2,43016E+14;1,19786E+16;1,26458E+13;6,79288E+14;4,59101E+13
;0;0;9,04572E+14;9,05835E+13;6,25965E+14;3,09247E+13;2,44327E+16;1,45199E+14;6,46755E+14;5,1192E+13
;0;0;5,06772E+14;5,15845E+13;6,96204E+14;6,86597E+13;4,50497E+14;3,13386E+13;3,55185E+14;4,91984E+13
;0;0;3,2002E+14;1,88694E+14;2,06292E+16;2,80156E+14;8,87771E+14;4,77038E+13;2,43027E+16;2,61218E+13
;0;0;1,27549E+16;2,35323E+14;1,2971E+16;8,84556E+13;7,79044E+14;8,0894E+13;1,73803E+16;2,22877E+12
;0;0;8,82095E+14;1,9278E+14;1,06084E+16;1,4034E+14;3,01465E+16;7,81823E+13;9,25446E+14;5,19413E+13
;0;0;9,07218E+14;2,17969E+14;9,52836E+14;7,62855E+13;1,31719E+16;2,49153E+13;1,57992E+16;3,56346E+13
;0;0;5,02019E+14;1,69535E+14;3,69834E+14;1,53839E+13;1,05946E+16;8,14338E+13;2,09942E+16;3,32894E+13
;0;0;3,7792E+14;4,27352E+13;8,3373E+14;6,43747E+13;1,27984E+16;7,33631E+13;1,2501E+16;1,79604E+13
;0;0;1,50112E+16;2,52962E+14;1,84206E+16;2,31652E+14;9,11742E+14;2,41372E+13;1,71931E+16;4,74606E+13
;0;0;1,56759E+16;2,40627E+14;2,00337E+16;1,30984E+14;1,81656E+16;2,65406E+13;5,59981E+14;6,67818E+13
;0;0;2,53982E+16;4,47324E+14;2,0956E+16;2,32958E+14;1,75018E+16;4,40007E+13;2,41497E+16;3,28053E+13
;0;0;1,87762E+16;2,18452E+14;1,82819E+16;1,81452E+14;1,0642E+16;5,47457E+13;1,42462E+16;4,11087E+13
;0;0;2,2874E+16;4,80908E+14;1,4991E+16;2,74414E+14;2,85641E+16;6,55681E+13;1,3407E+16;5,66989E+13
;0;0;1,47603E+16;2,49018E+14;1,25486E+16;8,46512E+13;2,49178E+16;4,96932E+13;2,05044E+16;4,49814E+13
;0;0;7,95556E+14;2,82016E+14;1,04425E+14;1,73352E+14;1,64683E+16;1,3402E+14;1,62126E+16;2,32887E+13
;0;0;1,44195E+16;2,8767E+14;1,10943E+16;1,43932E+14;4,94399E+14;4,68747E+13;1,22557E+16;3,45129E+13
;0;0;1,34111E+16;1,94857E+14;8,49227E+14;1,009E+14;8,75757E+14;1,10904E+14;1,81207E+16;2,2694E+13
;0;0;4,86152E+14;1,92484E+14;6,51538E+14;5,18752E+13;1,4417E+16;5,34214E+13;1,01688E+16;3,84266E+13
;0;0;3,38419E+14;1,78017E+14;1,58346E+16;9,32715E+13;1,44216E+16;1,08753E+13;4,55872E+14;2,01761E+13
;0;0;8,58592E+14;2,25089E+14;1,43332E+16;1,16261E+14;2,1672E+16;5,92916E+13;1,71859E+16;1,75905E+13
;0;0;1,29589E+16;2,01107E+14;3,63182E+14;8,33506E+13;1,81503E+16;1,23059E+14;8,62163E+14;4,94883E+13
;0;0;1,47297E+14;1,11109E+14;9,30051E+14;7,65946E+13;1,19486E+16;6,47209E+13;7,24454E+14;4,06581E+13
;0;0;1,59751E+16;1,67149E+14;1,24755E+16;1,20302E+14;2,2063E+16;1,03085E+14;1,06126E+16;3,04772E+13
;0;0;1,78105E+16;3,11693E+14;1,16429E+16;1,60557E+14;1,57938E+16;1,10685E+14;9,29997E+14;1,00554E+13
;0;0;1,66275E+16;2,19907E+14;1,37205E+16;1,31428E+14;1,28844E+16;1,00246E+13;4,61418E+14;1,4331E+13
;0;0;3,74462E+14;2,75376E+14;7,95176E+14;1,33061E+14;1,92772E+16;3,81216E+13;3,40935E+14;4,73324E+13
;0;0;2,52138E+14;3,43766E+14;9,91673E+14;4,24339E+13;1,25069E+16;5,92046E+13;1,46057E+14;2,47143E+13
;0;0;8,8186E+14;1,24016E+14;1,66789E+16;1,78811E+14;9,42504E+14;4,98342E+13;8,11407E+14;2,835E+13
;0;0;2,18709E+14;1,14376E+14;9,75205E+14;1,63276E+14;2,7215E+16;1,5471E+14;1,87492E+16;2,19267E+13
;0;0;2,36647E+16;4,89346E+14;9,20906E+14;4,29397E+13;1,17486E+16;2,18524E+13;2,32893E+16;5,30149E+13
;0;0;2,04886E+16;2,68665E+14;1,48128E+16;1,5797E+14;2,69871E+14;3,03708E+13;1,51256E+16;5,66407E+13
;0;0;2,06132E+16;1,81089E+14;9,97426E+14;1,17341E+14;6,56687E+14;1,19505E+14;1,38384E+16;1,0104E+13
;0;0;7,82995E+14;9,14394E+13;2,14734E+16;3,25108E+14;1,06473E+16;1,79911E+13;2,24792E+16;3,53014E+13
;0;0;6,32283E+14;1,91105E+14;6,81995E+14;9,4343E+13;1,09542E+16;5,40545E+13;1,08941E+16;1,81138E+13
;0;0;1,43288E+16;1,2411E+14;1,83413E+16;9,13726E+13;1,37874E+16;7,46885E+13;2,20709E+16;1,29989E+13
;0;0;1,14115E+16;9,55633E+13;2,93519E+14;3,58665E+13;1,16383E+16;4,32478E+13;3,91199E+14;2,47286E+13
;0;0;1,53883E+16;3,73492E+14;3,44077E+14;7,08945E+13;9,30287E+14;1,8737E+13;5,715E+14;3,19022E+13
;0;0;1,50582E+16;2,44237E+14;2,71089E+16;2,8898E+14;2,02797E+16;8,826E+13;1,71292E+16;1,26964E+13
;0;0;4,46191E+14;4,32244E+13;1,36365E+16;3,3063E+13;2,64975E+14;3,0524E+13;1,04617E+16;7,65993E+12
;0;0;1,07363E+16;1,44928E+14;1,89517E+16;1,22392E+14;2,04146E+16;6,89848E+13;1,16193E+16;4,95829E+13
;0;0;1,07378E+16;5,89731E+13;1,73271E+16;1,13519E+14;1,16897E+16;7,95633E+13;1,57915E+16;3,28782E+13
;0;0;1,30328E+16;1,75423E+14;7,3677E+14;2,62257E+13;1,42209E+16;5,72466E+13;1,80471E+16;3,05753E+13
;0;0;1,9157E+16;3,74538E+14;7,57687E+14;2,59521E+13;2,38128E+16;3,6893E+13;1,53016E+16;1,86021E+13
;0;0;2,8093E+14;6,93406E+13;1,55212E+16;2,21112E+14;1,47605E+14;5,44018E+13;1,96343E+16;1,99283E+13
;0;0;1,38062E+16;2,00929E+14;7,39624E+14;1,10867E+14;2,80512E+16;4,48703E+13;1,74597E+16;5,39523E+13
;0;0;8,95384E+14;5,90676E+13;6,73207E+14;1,1164E+14;9,75212E+14;4,34891E+13;4,13856E+14;1,80751E+13
;0;0;1,81076E+16;3,51628E+14;5,76306E+14;2,55085E+13;1,04068E+16;3,45221E+13;1,20107E+16;7,15342E+13
;0;0;2,68075E+16;2,84125E+14;4,9057E+14;8,10513E+13;1,16731E+16;1,10895E+14;7,46077E+14;5,41861E+13
;0;0;1,6873E+16;1,60933E+14;1,1919E+16;1,30853E+14;8,34279E+14;4,58198E+13;8,56214E+14;6,2421E+13
;0;0;1,02375E+16;1,60942E+14;1,02942E+16;1,04843E+14;1,82591E+16;6,40053E+13;1,07426E+16;3,78837E+13
;0;0;1,45655E+16;2,70557E+13;1,67507E+16;7,92376E+13;1,64853E+16;6,52521E+13;2,26403E+16;7,84808E+13
;0;0;1,73859E+16;2,13426E+14;1,77892E+16;1,00009E+14;5,01776E+14;2,95517E+13;3,36704E+14;5,29788E+13
;0;0;1,12801E+16;1,39735E+14;1,68079E+16;2,46095E+14;3,48342E+16;1,5318E+14;2,50083E+16;5,90168E+13
;0;0;8,35174E+14;3,5988E+14;1,82195E+16;2,25922E+14;1,28696E+16;5,81324E+13;2,46256E+16;7,1275E+13
;0;0;1,72953E+16;1,89969E+14;1,99595E+16;1,14938E+14;5,97573E+14;5,03062E+13;1,06751E+16;2,97488E+13
;0;0;1,02012E+16;2,05816E+14;1,53072E+16;1,39951E+14;9,13272E+14;7,82671E+13;1,13036E+16;3,68411E+13
;0;0;1,34586E+16;8,47032E+13;1,62341E+16;1,41057E+14;1,81985E+16;5,30939E+13;3,05329E+16;5,07377E+13
;0;0;1,01314E+16;7,79128E+13;2,58877E+16;2,68946E+13;1,03293E+16;4,47056E+13;2,13001E+16;6,99405E+13
;0;0;6,77486E+14;1,01505E+14;1,22257E+16;6,96734E+13;1,40621E+16;2,6025E+13;8,27835E+14;4,37082E+13
;0;0;1,42035E+16;1,37748E+14;6,14151E+14;7,97196E+13;1,43417E+16;1,00075E+14;1,47541E+16;3,58427E+13
;0;0;1,69691E+16;2,81438E+14;1,48452E+16;5,93044E+13;4,28696E+14;4,83113E+13;9,67241E+14;9,91788E+12
;0;0;5,04496E+14;1,83957E+14;1,58051E+16;2,07153E+14;9,15047E+14;8,68761E+13;6,03053E+14;7,9307E+13
;0;0;3,75292E+14;9,59577E+13;9,64757E+14;5,33231E+13;6,49584E+14;3,09589E+13;3,81687E+14;3,704E+13
;0;0;1,70658E+16;2,73948E+14;2,3364E+16;1,59526E+14;3,27085E+16;1,62175E+13;2,99898E+16;3,11517E+13
;0;0;4,86803E+14;4,95766E+13;8,39092E+14;1,2346E+14;1,03995E+16;4,35176E+13;1,16592E+16;3,3565E+13
;0;0;7,77457E+14;2,55832E+13;7,16175E+14;7,50819E+13;6,56198E+14;7,98382E+13;2,40689E+16;1,24025E+13
;0;0;1,32321E+16;2,41263E+14;1,32353E+16;1,51514E+14;7,64398E+14;4,98307E+13;8,03065E+14;3,25174E+13
;0;0;1,32705E+16;1,9171E+13;1,49852E+16;1,26008E+14;1,1178E+16;4,84405E+13;2,20561E+16;2,81502E+13
;0;0;3,66404E+14;1,20125E+14;1,03166E+16;6,91914E+13;9,34741E+14;6,86195E+13;1,52782E+16;3,0864E+13
;0;0;1,16736E+16;3,29507E+13;2,1573E+16;2,47212E+14;1,10929E+16;1,43054E+14;1,2296E+16;3,56851E+13
;0;0;9,66674E+14;2,05413E+14;2,1864E+16;1,84142E+14;3,67323E+14;4,98453E+13;1,90745E+16;2,3173E+13
;0;0;3,18458E+14;2,34732E+14;1,62772E+14;4,56818E+13;2,42247E+16;9,76403E+13;8,99155E+14;3,62998E+13
;0;0;1,61001E+16;3,41995E+14;1,86907E+16;1,34729E+14;8,40173E+14;6,21726E+13;3,48986E+14;3,20598E+13
;0;0;3,87528E+14;3,51023E+14;7,09625E+14;1,22502E+14;6,80599E+14;2,73745E+13;1,02291E+16;9,70577E+12
;0;0;2,05437E+16;2,55246E+14;2,81625E+14;4,90372E+13;8,67978E+14;1,12003E+14;2,12615E+16;4,81208E+13
;0;0;9,69498E+14;1,0824E+14;9,82754E+14;1,68883E+14;8,27892E+14;3,96818E+13;5,7078E+14;1,1868E+13
;0;0;8,34285E+14;3,51802E+13;5,36697E+14;1,18729E+14;1,7815E+14;3,22912E+13;2,66182E+14;4,82371E+12
;0;0;9,53156E+14;1,03474E+14;6,67985E+14;2,2821E+13;6,92024E+14;9,87689E+13;4,60059E+14;2,85626E+13
;0;0;5,72862E+14;7,28539E+13;1,10908E+16;1,47137E+14;3,25598E+14;5,23476E+13;5,46829E+14;5,83499E+12
;0;0;7,94677E+14;1,5103E+14;1,64668E+16;1,50829E+14;4,8772E+14;3,01902E+13;1,09921E+14;4,33075E+13
;0;0;9,14294E+14;1,10155E+14;1,17957E+16;9,98354E+13;8,24804E+14;3,88588E+13;1,47169E+16;1,14591E+13
;0;0;1,73041E+16;1,92704E+14;5,08864E+14;4,24513E+13;8,01233E+14;7,52023E+13;1,63921E+16;6,35724E+13
;0;0;1,88232E+16;2,65001E+14;1,63218E+16;1,68805E+14;7,54731E+14;6,35595E+13;2,10784E+16;2,58858E+13
;0;0;1,00442E+16;2,34041E+14;8,10704E+14;7,41768E+13;6,78617E+14;5,03202E+13;6,19266E+14;2,97156E+13
;0;0;1,19458E+16;1,91356E+14;6,89113E+14;1,2723E+14;8,10157E+14;3,85663E+13;9,24294E+14;1,65317E+13
;0;0;7,22996E+14;2,0455E+14;2,40192E+16;1,70331E+14;9,75809E+14;1,15609E+14;1,83821E+14;4,9542E+13
;0;0;2,78499E+14;1,79286E+14;8,59713E+14;8,26411E+13;4,53518E+14;5,60493E+13;2,80096E+16;4,57211E+13
;0;0;8,93884E+14;2,08353E+14;9,80719E+14;1,45281E+14;1,15847E+16;5,04202E+13;1,06078E+16;7,09646E+12
;0;0;4,63368E+14;2,02388E+14;1,62073E+16;9,666E+13;2,02381E+14;9,20831E+13;1,45247E+16;2,85927E+13
;0;0;5,63424E+14;6,74978E+13;1,0489E+16;1,19466E+14;1,04291E+16;5,43214E+13;1,84668E+16;3,38043E+13
;0;0;4,03181E+14;2,08982E+14;2,81787E+16;2,71613E+14;3,43917E+14;3,54965E+13;4,9778E+14;3,05335E+13
;0;0;1,88443E+16;3,50002E+14;2,02163E+16;1,95293E+14;8,19433E+14;1,54235E+14;1,03974E+16;2,93294E+13
;0;0;8,94747E+14;2,68038E+14;1,08406E+16;1,09714E+14;9,94406E+14;4,7406E+13;1,96308E+16;2,75524E+13
;0;0;8,78721E+14;1,98369E+13;1,28066E+16;9,17302E+13;9,63327E+14;5,84747E+13;9,57627E+14;1,53432E+13
;0;0;1,61842E+16;1,02282E+14;1,90855E+16;2,77317E+13;1,1109E+16;5,61924E+13;1,91205E+16;1,91915E+12
;0;0;1,73859E+16;2,23198E+14;1,52141E+16;1,73018E+14;8,59718E+14;3,27761E+13;1,31798E+16;2,17848E+13
;0;0;2,09582E+16;3,44516E+14;1,41742E+16;1,94487E+14;5,2855E+14;5,28894E+13;5,7002E+14;5,72649E+13
;0;0;6,15437E+14;2,11511E+14;6,65335E+14;1,05052E+14;4,19054E+14;2,89457E+13;1,17003E+16;1,59647E+13
;0;0;1,52068E+16;2,97238E+14;2,51316E+16;1,75632E+14;7,77953E+14;6,5314E+13;1,84037E+16;1,09467E+13
;0;0;3,20633E+14;1,29576E+14;2,23101E+16;2,43892E+14;7,61507E+14;8,02078E+13;7,44125E+14;1,1145E+13
;0;0;1,09377E+16;1,1832E+14;1,23206E+16;1,30594E+14;9,21088E+14;1,08083E+14;1,34552E+16;4,55416E+13
;0;0;1,04574E+16;5,50008E+13;3,35116E+14;1,38551E+14;5,69553E+14;5,84799E+13;9,16002E+14;3,80923E+13
;0;0;1,1129E+16;2,39096E+14;8,09312E+14;1,48241E+14;1,09791E+16;9,06783E+13;8,43089E+14;1,39975E+13
;0;0;8,55385E+14;9,98259E+13;7,07276E+14;9,82167E+13;9,31561E+14;6,68307E+13;1,75498E+16;2,23577E+13
;0;0;2,16105E+16;2,49453E+14;9,74481E+14;1,38484E+14;4,23908E+14;5,37115E+13;2,33556E+16;9,76278E+12
;0;0;1,37592E+16;2,66943E+14;3,15407E+16;2,43947E+14;2,02284E+16;2,00806E+13;5,65186E+14;4,95227E+13
;0;0;9,68955E+14;6,93638E+13;7,50211E+14;1,33291E+14;1,0678E+16;1,14103E+14;1,3737E+16;1,26207E+13
;0;0;1,65977E+16;2,6073E+14;1,9905E+16;7,94265E+13;3,8088E+14;1,38811E+14;1,41689E+16;4,01463E+13
;0;0;8,86539E+14;2,59066E+14;1,75843E+16;1,57774E+14;1,29375E+16;6,53976E+13;1,3368E+16;1,51063E+13
;0;0;8,27434E+14;1,057E+14;1,20913E+16;7,66043E+13;1,03408E+16;1,28908E+13;4,25029E+14;3,27698E+13
;0;0;5,37899E+14;1,34656E+14;6,94096E+14;1,45086E+14;1,2801E+16;6,96322E+13;1,8845E+16;1,45092E+13
;0;0;1,21332E+16;1,50406E+14;1,89613E+16;1,32408E+14;2,44954E+16;6,65774E+13;1,6063E+14;1,33137E+13
;0;0;7,60453E+14;1,83424E+14;1,14963E+16;8,06956E+13;1,82778E+16;4,51041E+13;6,8078E+14;1,72631E+13
;0;0;1,01313E+16;2,8287E+14;5,90642E+14;1,09421E+14;8,2988E+14;3,96117E+13;1,00239E+16;1,02187E+13
;0;0;1,99107E+16;2,68102E+14;1,77588E+14;4,20292E+13;2,73127E+16;1,50233E+14;3,27889E+14;3,34128E+13
;0;0;1,48432E+16;1,37498E+14;8,3084E+14;9,5336E+13;2,08768E+16;5,73577E+13;1,85615E+16;2,83507E+13
;0;0;2,19636E+16;4,3613E+14;2,23029E+16;1,31139E+14;5,79331E+14;4,60416E+13;2,28477E+16;5,25049E+13
;0;0;8,0872E+14;1,89017E+14;1,41216E+16;2,00671E+14;1,35547E+16;2,23873E+13;5,90328E+14;3,83414E+13
;0;0;2,75688E+16;4,62468E+14;1,61469E+16;1,83157E+14;6,20466E+14;1,08619E+14;2,4547E+16;1,34E+13
;0;0;1,55024E+16;2,66802E+14;1,10814E+16;1,58241E+14;3,28628E+14;2,4434E+13;8,65341E+14;3,01918E+13
;0;0;2,76737E+14;6,60084E+13;1,40706E+16;6,92593E+13;2,36738E+16;1,4631E+14;1,61814E+16;1,70349E+13
;0;0;2,2208E+16;3,42317E+14;1,20722E+16;1,28817E+14;6,3623E+14;8,63987E+13;1,19042E+16;1,27449E+13
;0;0;1,15014E+16;1,28815E+14;6,39326E+14;6,90729E+13;1,31324E+16;8,88951E+13;9,75558E+14;2,37668E+13
;0;0;1,51182E+16;4,24617E+14;4,65632E+14;2,41308E+13;1,00513E+16;6,1479E+13;9,38728E+14;3,78056E+13
;0;0;1,13763E+16;9,32021E+13;8,04699E+14;1,23358E+14;8,91959E+14;2,75389E+13;1,25688E+16;1,77499E+13
;0;0;1,52531E+16;2,22605E+14;6,31714E+14;7,98758E+13;5,81812E+14;1,03794E+14;6,18299E+14;4,22085E+13
;0;0;7,64931E+14;5,58007E+13;6,66608E+14;8,11468E+13;1,26605E+16;4,50724E+13;1,81281E+16;8,38198E+13
;0;0;8,64858E+14;1,64324E+14;1,00158E+16;1,04353E+14;1,85877E+16;3,83034E+13;3,45041E+16;4,28281E+13
;0;0;1,08033E+16;2,91717E+14;1,23475E+16;6,65387E+13;2,90597E+16;9,92726E+13;5,88863E+14;1,03124E+13
;0;0;1,2777E+16;2,52549E+14;1,15977E+16;2,51758E+14;5,75643E+14;4,46929E+13;2,38025E+16;5,02926E+13
;0;0;1,21644E+16;8,80382E+13;1,23668E+16;5,71749E+13;6,88744E+14;4,68935E+13;1,33297E+16;4,72321E+13
;0;0;1,51111E+16;2,25576E+14;5,26111E+14;7,80722E+13;9,57936E+14;2,31895E+13;4,96012E+14;5,23594E+13
;0;0;1,07359E+16;2,07331E+14;3,18456E+16;2,18356E+14;1,15924E+16;7,06236E+13;1,39769E+16;5,83338E+13
;0;0;7,82657E+13;1,19929E+14;1,95304E+16;1,79658E+14;1,06977E+16;2,49452E+13;7,68917E+14;1,31513E+13
;0;0;6,93162E+14;1,41243E+14;1,47919E+16;2,68723E+14;9,82203E+14;6,55117E+13;2,84546E+16;1,38517E+13
;0;0;1,35151E+16;2,32544E+14;5,9783E+14;4,70047E+13;2,2124E+16;1,2179E+14;1,52464E+16;1,2997E+13
;0;0;2,12533E+16;3,25617E+14;7,02844E+14;6,3358E+13;8,71458E+14;2,90193E+13;2,00637E+16;4,36257E+12
;0;0;9,37844E+14;2,98551E+14;1,03287E+16;1,64915E+14;9,52463E+14;2,0571E+13;2,36701E+16;3,39001E+13
;0;0;1,10326E+16;2,08055E+14;7,75933E+14;2,42165E+14;3,19745E+14;2,97424E+13;1,93433E+16;1,69434E+13
;0;0;8,5064E+14;1,5616E+14;1,37073E+16;2,72584E+14;1,31578E+16;5,33606E+13;1,60055E+16;2,47899E+13
;0;0;8,05458E+14;3,71446E+13;1,53459E+16;1,15412E+14;4,02939E+14;3,22001E+13;1,3623E+16;3,52191E+13
;0;0;5,09932E+14;1,18499E+14;1,43778E+16;1,89058E+14;1,82214E+16;1,02263E+14;1,37056E+16;1,59339E+13
;0;0;8,40481E+14;2,89092E+14;9,76777E+14;1,24977E+14;3,79597E+14;1,74692E+13;1,93803E+16;3,21029E+13
;0;0;1,44781E+16;1,50734E+14;1,21687E+16;1,10396E+14;9,19853E+14;4,68273E+13;4,66389E+14;4,0142E+13
;0;0;1,82492E+14;8,64681E+13;7,70127E+14;9,40016E+13;1,37655E+16;1,10109E+14;1,04835E+16;2,56746E+13
;0;0;7,81286E+14;1,71559E+14;2,60965E+16;3,22038E+14;2,02697E+16;4,38772E+13;2,39813E+16;4,331E+13
;0;0;1,40461E+16;3,38094E+14;9,54357E+14;1,32694E+14;2,11759E+16;1,18399E+14;7,81214E+14;5,03255E+13
;0;0;6,8915E+14;1,07742E+14;8,13874E+14;1,66965E+14;1,7186E+16;3,11515E+13;1,14678E+16;1,72155E+13
;0;0;7,09648E+14;8,38742E+13;1,54798E+16;1,70728E+14;8,3827E+14;9,50193E+13;1,37676E+16;1,43034E+13
;0;0;1,56179E+16;1,38616E+14;8,11141E+14;5,78311E+13;1,06054E+16;6,82589E+13;1,00503E+16;1,28472E+13
;0;0;1,70097E+16;2,64566E+14;8,41221E+14;2,73795E+13;1,57282E+16;5,50369E+13;9,1667E+14;1,08562E+13
;0;0;2,30335E+16;4,24327E+14;1,99368E+16;1,95995E+14;1,61287E+16;3,51805E+13;1,63689E+16;6,48561E+13
;0;0;1,61471E+16;2,35257E+14;8,25564E+14;1,03112E+14;1,14599E+16;2,29556E+13;1,32568E+16;3,47155E+13
;0;0;1,72015E+16;3,26576E+14;1,19097E+16;1,2029E+14;8,53227E+14;2,8768E+13;1,19633E+16;4,25775E+13
;0;0;1,58902E+16;2,30944E+14;7,34721E+14;5,76204E+13;2,34568E+16;7,50482E+13;1,92158E+16;4,31801E+13
;0;0;5,47438E+14;7,34582E+13;1,38226E+16;1,40512E+14;1,65046E+16;4,86482E+13;2,58478E+16;2,22329E+13
;0;0;6,59179E+14;1,35573E+14;6,9225E+14;1,09103E+14;1,46619E+16;8,23537E+13;1,58407E+16;1,75005E+13
;0;0;6,34101E+14;8,06614E+13;1,17579E+16;7,58569E+13;1,12215E+16;4,4126E+13;9,97662E+14;3,71505E+13
;0;0;6,22312E+14;2,44657E+14;1,33797E+16;9,53504E+13;1,19672E+16;1,19664E+13;1,26262E+16;3,52442E+13
;0;0;1,01403E+16;1,29547E+14;1,45156E+14;1,17256E+14;1,10137E+16;1,21251E+14;7,06703E+14;2,19798E+13
;0;0;1,74278E+16;2,79648E+14;5,78038E+14;6,40509E+13;2,36281E+16;3,86984E+13;1,37495E+16;3,09193E+13
;0;0;2,23352E+16;1,46609E+14;2,25063E+16;3,55771E+14;1,0137E+14;3,49809E+13;2,18329E+16;4,31128E+13
;0;0;6,22166E+14;1,5665E+14;1,96728E+16;1,16899E+14;1,75885E+16;3,21568E+13;1,15985E+16;8,62535E+12
;0;0;6,99155E+14;1,51763E+14;1,39277E+16;1,17588E+14;8,4998E+14;7,80694E+13;2,07595E+16;3,72786E+13
;0;0;1,62911E+16;2,01093E+14;7,56916E+14;1,88019E+14;5,84905E+14;3,47191E+13;1,79269E+16;2,15594E+13
;0;0;8,45946E+14;1,05312E+14;2,10122E+16;1,29859E+14;2,27439E+16;6,51001E+13;2,526E+16;2,46514E+13
;0;0;7,66882E+14;9,25963E+13;1,2415E+16;4,94684E+13;1,2429E+16;8,30996E+13;1,22055E+16;6,03455E+13
;0;0;2,04443E+16;1,08279E+14;2,38859E+16;2,25723E+14;6,988E+14;1,57598E+13;2,2498E+16;6,31454E+13
;0;0;1,40673E+16;1,58633E+14;1,37644E+16;1,08792E+14;1,30787E+14;5,14342E+13;9,16085E+14;3,61238E+13
;0;0;2,10806E+16;4,16756E+14;4,15484E+14;8,81106E+13;3,2359E+14;1,42068E+13;1,92564E+16;4,50521E+13
;0;0;1,79971E+16;1,27704E+14;6,82651E+14;1,20504E+14;8,42221E+14;9,61253E+13;8,74E+14;2,1955E+13
;0;0;1,94513E+16;1,60143E+14;5,87354E+14;6,88285E+13;7,26411E+14;8,26465E+13;2,39398E+16;6,61306E+13
;0;0;1,57142E+16;1,34358E+14;1,30908E+16;1,11366E+14;1,15509E+16;7,68629E+13;1,8392E+16;2,24408E+13
;0;0;1,26589E+16;3,61348E+14;1,36875E+16;9,1783E+13;4,19134E+14;4,68829E+13;3,91965E+14;1,06749E+13
;0;0;1,07837E+16;2,25075E+14;5,71529E+14;1,02944E+14;2,08489E+16;1,59911E+14;1,20544E+16;3,13871E+13
;0;0;1,0004E+16;2,16709E+14;9,29706E+14;8,42598E+13;1,7723E+16;8,2497E+13;8,02729E+14;2,34989E+13
;0;0;2,66404E+14;5,50039E+13;1,34032E+16;1,52741E+14;2,43188E+14;4,27007E+13;6,16772E+14;2,11027E+13
;0;0;5,87756E+14;1,25397E+14;7,12208E+14;7,6703E+13;1,35562E+16;4,93647E+13;8,64046E+14;7,62804E+12
;0;0;9,21517E+13;1,91346E+14;4,44903E+14;1,39279E+14;2,14259E+16;1,05533E+14;3,44825E+16;4,1248E+13
;0;0;1,5436E+16;2,46614E+14;1,42554E+16;3,24857E+13;2,01744E+16;8,1373E+13;1,46159E+14;1,34429E+13
;0;0;1,17268E+16;2,34853E+14;8,04082E+14;5,86386E+13;8,02146E+14;5,32893E+13;1,88974E+16;2,4749E+13
;0;0;1,92257E+16;2,01417E+14;1,6388E+16;2,18416E+14;1,59047E+16;4,51225E+13;8,82031E+14;4,92628E+13
;0;0;1,65929E+16;3,09687E+14;7,97168E+14;2,99822E+13;1,17674E+16;5,22346E+13;1,10016E+16;2,73687E+13
;0;0;1,14832E+16;3,32314E+14;7,83655E+14;2,20036E+14;1,06974E+16;5,99591E+13;7,74224E+14;2,56201E+13
;0;0;1,23236E+16;9,21879E+13;8,77747E+14;7,72191E+13;5,352E+14;8,04065E+13;7,52572E+14;2,01616E+13
;0;0;1,8111E+14;8,05561E+13;1,58495E+16;2,28638E+14;1,15388E+16;1,21698E+13;1,60301E+16;2,07073E+13
;0;0;8,83001E+14;8,62893E+13;7,62624E+14;4,03963E+13;1,13766E+16;1,50853E+13;1,8649E+16;3,64665E+13
;0;0;4,14279E+14;9,99374E+13;8,87686E+14;9,17356E+13;4,88148E+14;3,80421E+13;4,81427E+14;1,48684E+13
;0;0;5,75617E+14;2,31711E+14;3,21073E+14;6,11178E+13;3,11648E+14;3,31295E+13;9,49402E+14;2,72581E+13
;0;0;2,02215E+16;4,7939E+14;5,45154E+14;5,20307E+13;2,03439E+16;4,70255E+13;1,90892E+16;3,35676E+13
;0;0;6,48585E+14;8,70929E+12;7,47524E+14;1,35139E+14;1,42801E+16;7,31522E+13;9,9484E+14;3,3922E+13
;0;0;1,01315E+16;1,76061E+14;3,38836E+14;5,62957E+13;9,33089E+14;2,12123E+13;7,91577E+14;2,31908E+13
;0;0;4,99854E+14;4,51485E+13;9,48907E+14;1,25695E+14;1,2837E+16;7,20703E+13;7,36637E+14;1,76749E+13
;0;0;1,78662E+14;3,56655E+13;3,68144E+14;8,23681E+13;1,57233E+16;1,00747E+14;4,49346E+14;2,18433E+13
;0;0;9,75236E+14;8,05635E+13;1,25673E+16;8,57293E+13;1,28268E+16;6,89786E+13;3,56521E+14;4,63628E+13
;0;0;2,15199E+16;3,34652E+14;1,49404E+16;8,50117E+13;1,79598E+16;8,12588E+13;2,83598E+16;7,08196E+12
;0;0;2,11631E+16;2,57967E+14;9,03187E+14;8,38811E+13;1,43495E+16;1,09168E+14;2,09703E+16;1,57737E+13
;0;0;1,10358E+16;1,41212E+14;1,951E+16;2,09702E+14;9,79833E+14;5,08914E+13;8,30895E+14;3,02722E+13
;0;0;6,88973E+14;2,70139E+14;8,71132E+14;1,74929E+14;2,09379E+16;7,37474E+13;7,99309E+14;4,92395E+13
;0;0;1,17542E+14;2,15826E+14;1,36078E+16;1,43455E+14;9,47669E+14;5,52157E+13;1,24366E+16;2,49185E+13
;0;0;1,54242E+16;1,4984E+14;1,37894E+16;2,39372E+13;1,84436E+14;4,53699E+13;8,68615E+14;7,24005E+12
;0;0;1,07472E+16;1,24567E+14;8,52501E+14;5,37392E+13;2,45371E+16;7,04148E+13;1,73561E+16;5,36882E+12
;0;0;1,07937E+16;1,63168E+14;9,25291E+14;1,22456E+14;1,22498E+16;3,06908E+13;1,26213E+16;4,30609E+13
;0;0;2,25483E+16;3,97693E+14;1,35039E+16;1,50898E+14;6,0124E+14;7,54136E+13;8,47883E+14;8,08724E+12
;0;0;4,83427E+14;3,1127E+14;1,79519E+16;7,52323E+13;1,25217E+16;3,5727E+13;1,15564E+16;3,11152E+13
;0;0;7,11958E+14;2,07383E+14;2,43008E+16;1,69175E+14;1,0805E+16;4,3657E+13;9,45736E+14;4,14335E+13
;0;0;1,50078E+16;2,31259E+14;1,34609E+16;8,52114E+13;2,52956E+14;1,21449E+14;1,51429E+16;2,72615E+13
;0;0;2,04118E+16;1,8107E+14;1,44322E+16;1,42637E+14;2,19541E+16;7,90138E+13;9,63108E+14;2,02112E+13
;0;0;6,99959E+14;2,29837E+14;8,7616E+14;9,02895E+13;1,21013E+16;1,85721E+13;1,65839E+16;4,39276E+13
;0;0;1,68974E+16;3,19343E+14;1,85547E+16;8,75963E+13;1,10364E+16;5,72549E+13;1,42292E+16;1,90178E+13
;0;0;1,32527E+16;2,97328E+14;8,59372E+14;1,56864E+14;1,81348E+16;5,90077E+13;1,66859E+16;2,2171E+13
;0;0;1,1767E+16;1,25455E+14;1,48455E+16;9,62791E+13;1,11163E+16;8,91589E+13;7,8797E+14;1,59796E+13
;0;0;3,34299E+14;4,84102E+13;1,15659E+16;6,51813E+13;5,2061E+14;7,52413E+13;1,69744E+16;3,01579E+13
;0;0;2,41238E+16;1,57397E+14;1,07723E+16;2,09541E+14;1,72523E+16;8,49375E+13;9,51363E+14;1,61961E+13
;0;0;1,12221E+14;6,60278E+13;6,35019E+14;1,1565E+14;1,05714E+16;4,12253E+13;1,90888E+16;3,66208E+13
;0;0;1,72467E+16;4,93626E+14;7,31098E+14;9,31453E+13;6,4026E+14;2,14907E+13;5,52021E+14;2,49193E+13
;0;0;1,09064E+16;1,64521E+14;1,3956E+16;1,96111E+14;2,34386E+16;9,66669E+13;1,13744E+16;3,12435E+13
;0;0;9,97814E+14;1,4531E+14;6,37775E+14;2,26306E+13;1,17692E+16;7,91961E+13;5,5038E+14;2,71672E+13
;0;0;1,6206E+16;3,04272E+14;6,82834E+14;1,76752E+14;2,51395E+16;1,35194E+14;2,40027E+16;3,4333E+13
;0;0;9,98171E+14;2,7811E+14;9,3172E+14;1,45555E+14;1,33273E+16;1,04652E+14;1,85685E+16;1,99592E+13
;0;0;5,71787E+14;1,61661E+14;4,47579E+14;4,48804E+13;1,25904E+16;6,32831E+13;2,49963E+16;5,58983E+13
;0;0;8,02752E+14;7,4861E+13;1,15857E+16;7,44199E+13;1,38815E+16;1,05597E+14;9,5376E+14;2,17232E+13
;0;0;1,76749E+14;5,84574E+13;3,95542E+14;1,70466E+14;7,41218E+14;4,47053E+13;5,55543E+14;1,2539E+13
;0;0;8,74881E+14;1,17498E+14;7,7954E+14;1,37991E+14;6,28782E+14;4,8493E+13;3,03115E+16;2,75998E+13
;0;0;2,48786E+16;3,95222E+14;1,07396E+16;1,41113E+14;3,08969E+16;6,72485E+13;2,88342E+16;2,6835E+13
;0;0;1,14031E+16;1,62814E+14;1,26512E+16;1,03628E+14;5,88141E+14;6,38823E+13;7,54501E+14;2,50522E+13
;0;0;5,94743E+14;6,26863E+13;5,10332E+14;1,74601E+14;5,30304E+14;6,82524E+13;1,30438E+16;1,37498E+13
;0;0;1,01082E+16;2,47919E+14;1,30335E+16;1,98136E+14;5,19301E+14;4,50069E+13;2,0536E+16;1,22466E+13
;0;0;8,50239E+14;3,61269E+13;1,60297E+16;2,1579E+14;1,02139E+16;8,78688E+13;1,57319E+16;2,36407E+13
;0;0;2,11929E+16;3,52121E+14;1,65921E+16;1,60553E+14;1,3218E+16;3,67816E+13;1,81479E+16;5,15548E+13
;0;0;1,29674E+16;1,11352E+14;3,72735E+14;4,74955E+13;1,15532E+16;3,93797E+13;8,53302E+14;1,58199E+13
;0;0;1,02073E+16;2,2718E+14;4,95588E+14;1,73472E+14;1,16781E+16;5,00614E+13;1,08609E+16;2,73479E+13
;0;0;4,12406E+14;3,91317E+13;9,46434E+14;1,13357E+14;1,82433E+16;6,40203E+13;1,03753E+16;1,63859E+13
;0;0;1,01546E+16;2,66279E+14;3,52684E+14;2,54423E+14;2,17E+16;1,11293E+13;6,76835E+14;3,21715E+13
;0;0;1,60221E+16;3,51677E+14;9,43556E+14;2,22959E+14;7,97903E+14;7,85153E+13;1,48601E+16;8,87594E+12
;0;0;8,40171E+14;1,91687E+14;1,62359E+16;1,67889E+14;1,79586E+16;1,80888E+13;1,4249E+16;2,96274E+13
;0;0;7,31311E+14;6,29268E+13;2,197E+16;2,32468E+14;7,56313E+14;5,7002E+13;1,32598E+16;1,59317E+13
;0;0;1,27272E+16;1,95797E+14;3,94082E+14;1,23473E+14;1,60946E+16;1,03955E+14;6,78732E+14;1,94356E+13
;0;0;2,61726E+14;1,56255E+14;4,76892E+14;2,96431E+13;1,59313E+16;1,07775E+14;2,55528E+16;1,53916E+13
;0;0;5,2436E+14;3,25507E+14;2,4422E+14;1,38438E+14;1,06188E+16;7,4902E+13;1,78325E+16;3,16151E+13
;0;0;5,30947E+14;1,28922E+14;6,58608E+14;1,6376E+14;9,45185E+14;9,78371E+13;1,25313E+16;2,66613E+13
;0;0;1,31229E+16;3,9675E+14;2,07251E+16;1,1826E+14;9,79034E+14;3,82216E+13;5,81224E+14;4,20009E+13
;0;0;1,00178E+16;2,2648E+14;2,38067E+16;1,45176E+14;5,07886E+14;6,09067E+13;1,37824E+16;9,80191E+12
;0;0;7,55042E+14;5,13858E+13;8,02112E+14;5,43713E+13;9,11483E+14;1,26413E+14;8,29728E+14;2,11622E+13
;0;0;1,16009E+16;4,26039E+13;6,66257E+14;9,30278E+13;1,37096E+16;1,54755E+14;1,23656E+16;1,68818E+13
;0;0;1,56545E+16;2,44715E+14;7,73514E+14;1,80973E+14;2,10329E+16;8,99305E+13;1,53719E+16;5,1555E+13
;0;0;7,73759E+14;1,3809E+14;9,13065E+14;8,13261E+13;3,53325E+14;3,24935E+13;6,65417E+14;3,44218E+13
;0;0;2,99213E+14;8,42333E+13;1,08756E+16;1,2714E+14;4,13922E+13;4,62715E+13;2,03145E+14;3,7953E+13
;0;0;8,4012E+14;1,06414E+14;9,54569E+14;2,71427E+14;1,49744E+16;1,10973E+14;1,68928E+16;1,64287E+13
;0;0;2,10043E+16;2,76614E+14;1,21224E+16;1,81964E+14;6,77936E+14;3,22646E+13;7,21124E+14;3,82464E+13
;0;0;1,13966E+16;7,78046E+13;9,46139E+14;9,56908E+13;1,68384E+16;4,37347E+13;8,5771E+14;4,45904E+13
;0;0;2,81263E+14;1,1047E+14;1,52779E+16;1,81707E+14;1,78082E+16;4,5088E+13;2,19708E+16;1,22642E+13
;0;0;6,57377E+14;2,14675E+14;1,04207E+16;6,11907E+13;8,42765E+14;4,86414E+13;8,30911E+14;7,6395E+12
;0;0;1,46245E+16;1,07321E+13;7,7341E+14;1,31166E+14;1,39647E+16;5,33713E+13;1,60723E+16;3,36859E+13
;0;0;3,68019E+14;3,12768E+14;2,80891E+14;1,14953E+14;5,63711E+14;4,72269E+13;3,57368E+14;1,4952E+13
;0;0;1,11945E+16;2,15304E+14;1,82556E+16;5,05618E+13;2,75936E+16;5,43458E+13;3,73334E+16;3,60616E+13
;0;0;2,03388E+16;8,0896E+13;5,77402E+14;1,82993E+14;1,19224E+16;5,50905E+13;1,03418E+16;4,2444E+13
;0;0;1,298E+16;3,25759E+14;1,66063E+16;1,41451E+14;6,83956E+14;4,24758E+13;2,07596E+16;1,24112E+13
;0;0;1,46574E+16;1,15422E+14;1,16938E+16;5,64399E+13;1,03566E+16;6,53776E+13;1,90134E+16;1,49729E+13
;0;0;1,86207E+16;3,03851E+14;5,30926E+14;1,46977E+14;1,66134E+16;7,51681E+13;1,1099E+16;7,95024E+13
;0;0;1,19333E+16;3,0364E+14;9,79023E+14;1,17361E+14;1,82554E+16;1,6911E+13;1,41929E+16;1,66439E+13
;0;0;2,19849E+16;2,66419E+14;6,4652E+14;1,20696E+14;2,34282E+16;2,36587E+13;1,87758E+16;2,95626E+13
;0;0;6,91851E+14;2,05241E+14;9,16454E+14;1,47935E+14;1,10404E+16;8,0331E+13;3,1521E+16;3,72778E+13
;0;0;9,99313E+14;3,65909E+14;2,32946E+16;1,68308E+14;2,63674E+14;5,58391E+13;7,44794E+14;3,12814E+13
;0;0;4,21376E+14;1,30337E+14;2,54562E+16;1,84616E+14;3,9436E+14;7,76468E+13;2,88522E+14;1,6691E+13
;0;0;7,21069E+14;1,55526E+14;7,25897E+14;3,91099E+13;9,6616E+14;5,38951E+12;3,90758E+14;3,0748E+13
;0;0;4,40071E+14;1,57654E+14;1,00756E+16;1,51063E+14;9,60388E+14;3,06626E+13;2,02513E+16;1,36494E+13
;0;0;2,64845E+16;1,69157E+14;2,49395E+16;1,85549E+14;2,85203E+16;1,10273E+14;1,39952E+16;1,33218E+13
;0;0;1,83742E+16;3,84918E+14;1,67318E+16;9,08751E+13;8,01467E+14;2,47487E+13;8,84374E+14;3,11841E+13
;0;0;1,37468E+16;1,74882E+14;1,51588E+16;1,85229E+14;1,40309E+16;2,9796E+13;1,22301E+16;3,31325E+13
;0;0;2,75347E+16;4,02224E+14;7,31656E+14;1,9194E+14;2,34379E+14;3,656E+13;5,50514E+14;2,96151E+13
;0;0;5,65325E+14;1,52834E+14;1,02291E+16;1,73452E+14;8,68646E+14;4,32635E+13;1,55852E+16;2,40724E+13
;0;0;7,58637E+14;3,00861E+14;1,60803E+14;8,55845E+13;1,08689E+16;4,72025E+13;2,09421E+16;3,94843E+13
;0;0;1,27986E+16;2,59654E+14;1,41586E+16;2,16554E+14;7,58434E+14;7,00008E+13;1,35709E+16;5,35376E+13
;0;0;1,13924E+16;1,1766E+14;9,8893E+14;1,06149E+14;1,75859E+16;1,09077E+14;1,12075E+16;4,48204E+13
;0;0;1,02677E+16;3,04654E+14;5,78332E+14;1,2234E+14;2,09048E+16;1,16596E+14;1,93456E+16;4,08605E+13
;0;0;5,73102E+14;1,47506E+14;5,82979E+14;1,20211E+14;2,09077E+14;3,36934E+13;1,14355E+16;1,65796E+13
;0;0;3,87483E+14;7,62922E+13;8,89381E+14;4,60049E+13;1,14464E+16;2,48101E+13;9,12891E+14;2,67426E+13
;0;0;1,4015E+16;2,92405E+14;1,36055E+16;7,16232E+13;8,42367E+14;7,23655E+12;9,44686E+14;6,20119E+13
;0;0;2,0375E+16;2,43538E+14;5,81737E+14;9,33071E+13;1,09389E+16;8,29278E+13;1,14157E+16;2,08739E+13
;0;0;9,98651E+14;1,90831E+14;1,36959E+16;1,83734E+14;7,55175E+14;1,9415E+13;1,91151E+16;4,93868E+13
;0;0;2,01938E+16;3,67083E+14;8,94332E+14;6,30747E+13;6,63589E+14;5,47983E+11;2,06782E+16;2,722E+13
;0;0;1,39465E+16;2,00447E+14;6,23325E+14;1,07002E+14;6,43951E+14;5,8961E+13;2,04586E+16;2,62726E+13
;0;0;1,99388E+16;2,64257E+14;4,97204E+14;1,72813E+13;8,18525E+14;1,22609E+13;2,08029E+16;5,60601E+13
;0;0;1,50766E+16;1,98369E+14;5,14177E+14;1,96803E+14;1,23666E+16;2,37011E+13;2,69506E+13;3,43378E+13
;0;0;8,00815E+14;1,05915E+14;1,65296E+16;1,29848E+14;4,8618E+14;1,26729E+13;6,80283E+14;2,87781E+13
;0;0;6,32501E+14;7,97766E+13;3,63808E+14;2,92959E+13;2,39527E+16;7,43644E+13;1,23422E+16;3,87461E+12
;0;0;4,67711E+14;1,57059E+14;3,67561E+14;9,78845E+13;9,42892E+14;3,49434E+13;2,69296E+14;2,3688E+13
;0;0;4,92505E+14;5,90326E+13;7,82677E+14;5,46922E+13;6,14603E+14;2,56681E+13;1,75239E+16;1,05939E+13
;0;0;1,21369E+16;1,11957E+14;8,19534E+14;2,81821E+13;5,49764E+14;4,7075E+13;2,67794E+14;4,98007E+12
;0;0;6,37892E+14;3,6241E+13;3,87771E+14;7,091E+13;1,204E+16;2,74809E+13;5,08128E+14;3,49124E+13
;0;0;4,98216E+14;3,84044E+14;1,35184E+16;7,11533E+12;2,95856E+14;2,75494E+13;1,9721E+16;1,57595E+13
;0;0;4,40208E+14;6,54421E+13;1,12603E+16;9,9207E+13;1,27909E+16;9,33252E+13;1,92195E+16;3,80015E+13
;0;0;1,18616E+16;4,02261E+14;5,15036E+14;6,62093E+13;9,40311E+14;1,17419E+14;1,0924E+16;2,86641E+13
;0;0;2,08626E+16;3,38855E+14;1,38054E+16;1,29255E+14;2,05438E+16;8,7966E+13;3,2619E+16;1,24147E+13
;0;0;1,05066E+16;1,9627E+14;8,5247E+14;1,27219E+14;5,03262E+14;5,55208E+13;9,58904E+14;2,46764E+13
;0;0;2,88548E+16;3,61876E+14;8,87037E+14;1,01649E+14;1,74377E+16;1,16422E+14;2,11073E+16;1,62944E+13
;0;0;1,4518E+16;8,15898E+13;9,35329E+14;2,2739E+14;8,40163E+14;1,61037E+13;1,04758E+16;2,40784E+13
;0;0;8,42706E+14;8,44779E+13;1,72404E+16;7,4922E+13;1,13382E+16;5,06927E+13;4,02812E+14;5,05912E+12
;0;0;2,97449E+16;5,33651E+14;1,34501E+16;1,23678E+14;1,65133E+16;6,0909E+13;1,5834E+16;4,7483E+12
;0;0;9,30464E+14;2,10354E+14;1,96571E+16;9,18984E+13;4,77186E+14;1,11887E+14;1,81759E+16;2,38484E+13
;0;0;9,58295E+14;4,24259E+14;1,52548E+16;2,3734E+14;4,19518E+14;1,31444E+13;1,48941E+16;5,32342E+13
;0;0;8,73835E+14;2,2331E+14;1,6227E+16;1,87869E+14;1,34932E+16;5,90679E+13;2,13942E+16;1,4425E+13
;0;0;1,74336E+16;2,97303E+14;1,32385E+16;2,7152E+14;1,28214E+16;8,99355E+13;7,34718E+14;5,48136E+13
;0;0;1,21248E+16;1,66107E+14;2,46914E+14;8,24185E+13;8,492E+14;5,38094E+13;5,34842E+14;2,95712E+13
;0;0;1,15611E+16;3,94976E+13;2,59307E+16;2,6454E+14;1,41656E+14;5,44407E+13;1,9111E+16;2,74809E+13
;0;0;2,63012E+16;4,36332E+14;1,43517E+16;2,11889E+14;1,13265E+16;1,52963E+14;3,48738E+16;1,79713E+13
;0;0;8,43934E+14;6,09711E+13;8,68288E+14;2,29118E+13;7,5117E+14;3,16698E+13;4,3732E+14;2,76916E+13
;0;0;1,12832E+16;2,35348E+14;7,30873E+14;4,3847E+13;2,34477E+14;5,08344E+13;1,5928E+16;2,0236E+13
;0;0;8,17253E+14;1,98741E+14;1,24471E+16;1,02339E+14;3,22828E+14;2,31996E+13;1,50363E+16;2,58406E+13
;0;0;1,73575E+16;3,59253E+14;1,37121E+16;1,53526E+14;1,13061E+16;7,12892E+13;2,35695E+16;2,21828E+13
;0;0;1,14535E+16;8,2766E+13;6,80228E+14;2,35111E+13;1,93757E+16;7,66356E+13;2,02648E+16;4,00827E+13
;0;0;4,75815E+14;3,19581E+14;1,5209E+16;4,7243E+13;1,01846E+16;5,53226E+13;7,43952E+14;2,75838E+13
;0;0;6,36328E+14;1,30254E+14;8,41127E+14;6,00075E+13;1,38242E+16;6,93676E+13;1,10853E+16;1,45787E+13
;0;0;1,41017E+16;1,40559E+14;1,41551E+16;1,07986E+14;1,00125E+16;6,45947E+13;7,48124E+14;8,98998E+12
;0;0;1,77409E+16;1,89264E+14;7,57683E+14;1,0927E+14;7,47167E+14;5,45905E+13;2,54605E+16;4,63045E+13
;0;0;4,01203E+14;5,94853E+13;2,20108E+14;6,0359E+13;7,65341E+14;9,92581E+13;5,8997E+14;4,07623E+13
;0;0;1,38542E+16;2,19248E+14;1,10828E+16;1,92495E+14;8,75972E+14;7,1163E+13;2,95365E+16;4,78118E+13
;0;0;1,5981E+16;4,40495E+14;1,28907E+16;5,75641E+13;1,18559E+16;5,14533E+13;1,46661E+16;2,72711E+13
;0;0;8,78249E+14;1,90459E+14;1,66985E+16;1,14021E+14;9,31442E+14;3,75129E+13;9,66242E+14;3,42245E+13
;0;0;1,26587E+16;3,30558E+14;1,07996E+16;1,16901E+14;1,64695E+16;6,15282E+13;2,18421E+16;3,57829E+13
;0;0;1,17525E+16;2,27254E+14;1,15967E+14;3,3887E+13;6,19573E+14;4,1101E+13;2,42055E+14;2,36117E+13
;0;0;6,89846E+14;1,74437E+14;2,21322E+16;2,62685E+14;1,24658E+16;5,02914E+13;1,35691E+16;1,16273E+13
;0;0;1,02651E+16;2,12411E+14;1,48886E+16;1,41805E+14;7,13954E+14;5,9064E+13;1,61491E+16;3,89324E+13
;0;0;2,35805E+16;2,75779E+14;6,901E+14;5,67978E+13;6,55899E+14;7,96823E+13;1,02257E+16;3,00026E+13
;0;0;1,94704E+16;2,10363E+14;1,05585E+16;1,32847E+14;1,3575E+16;4,45409E+13;1,24856E+16;1,25571E+13
;0;0;5,70342E+14;1,35132E+14;3,48322E+14;1,42558E+14;1,32804E+16;5,34403E+13;8,61309E+14;5,57896E+13
;0;0;8,19574E+14;1,72651E+14;1,10115E+16;1,07148E+14;2,09995E+14;4,59065E+13;2,0333E+16;2,18737E+12
;0;0;7,31376E+14;6,95929E+13;9,15886E+14;9,91077E+13;1,41951E+16;2,7011E+13;8,14531E+14;3,89765E+13
;0;0;1,43196E+16;2,35169E+14;5,57257E+14;9,52167E+13;2,23579E+16;1,11085E+14;1,26758E+16;3,54276E+13
;0;0;1,49415E+16;2,43677E+14;1,48158E+16;8,29928E+13;1,28881E+16;8,39915E+13;1,57898E+16;6,41449E+13
;0;0;7,19109E+14;1,78696E+14;4,72028E+14;3,04793E+13;1,52548E+16;1,16016E+14;1,24477E+16;4,25021E+13
;0;0;1,02675E+16;1,32817E+14;4,76475E+14;1,3534E+13;9,44762E+14;4,90104E+13;1,05639E+16;8,68773E+12
;0;0;1,34539E+16;2,04505E+14;2,30692E+14;6,61678E+13;7,37683E+14;8,452E+13;7,23221E+14;1,90599E+13
;0;0;4,53698E+14;1,95777E+14;8,95254E+14;9,95853E+13;3,72639E+16;1,35583E+14;1,28125E+16;1,60688E+13
;0;0;1,32223E+16;1,19886E+14;8,682E+14;1,13637E+14;1,11124E+16;1,51535E+14;8,5185E+14;2,88115E+13
;0;0;8,64935E+14;7,65673E+13;1,74471E+16;2,03968E+14;1,60584E+14;9,8053E+13;1,43538E+16;1,65352E+13
;0;0;7,7939E+14;1,22113E+14;1,58984E+14;2,80982E+13;1,03319E+16;1,20108E+14;1,27343E+16;3,51508E+13
;0;0;9,17628E+14;1,2387E+14;1,9062E+16;1,25706E+14;4,57535E+14;6,60788E+13;5,39916E+14;2,75273E+13
;0;0;9,75498E+14;8,39378E+13;1,04204E+16;1,16408E+14;9,49017E+14;1,15874E+13;3,48107E+14;6,61598E+12
;0;0;1,71873E+16;2,8567E+14;1,89055E+16;4,77225E+13;1,19093E+16;2,36777E+13;1,95639E+16;2,48216E+13
;0;0;1,60281E+16;3,11567E+14;8,21607E+14;1,29306E+14;1,42922E+16;1,08797E+14;1,84243E+16;8,08302E+12
;0;0;1,79341E+16;3,74178E+14;5,75884E+14;4,47162E+13;1,38225E+16;3,25746E+13;1,43218E+16;1,81616E+13
;0;0;3,50968E+14;3,34547E+13;6,5809E+14;7,02977E+13;1,58018E+16;5,75741E+13;2,20064E+14;2,38499E+13
;0;0;1,72366E+16;3,74019E+14;2,36208E+16;1,83211E+14;1,73897E+16;5,07636E+13;1,55226E+16;6,27277E+13
;0;0;2,26373E+16;3,65507E+14;9,35644E+14;1,61827E+14;1,81718E+16;5,13652E+13;1,42234E+16;1,33757E+13
;0;0;1,45811E+16;5,94156E+13;1,29699E+16;1,40268E+14;1,73824E+16;5,00811E+13;7,80518E+14;1,19316E+13
;0;0;1,52678E+16;2,08303E+14;5,33095E+14;7,68233E+13;8,92664E+14;3,42337E+13;8,65321E+14;3,10298E+13
;0;0;5,5291E+14;2,60948E+13;1,61927E+16;8,65801E+13;2,85539E+16;6,88085E+13;1,20507E+16;2,8075E+13
;0;0;2,48352E+16;2,92192E+14;1,02079E+16;2,32247E+14;2,37085E+16;1,17127E+14;1,81726E+16;4,1138E+13
;0;0;8,88642E+14;1,74765E+14;8,69573E+14;7,85644E+13;9,11004E+14;6,06321E+13;3,70884E+14;3,91139E+13
;0;0;1,34268E+16;1,8015E+14;1,36824E+16;1,19631E+14;8,88204E+14;7,10435E+13;1,64246E+16;3,70626E+13
;0;0;6,09412E+14;2,32747E+14;6,81187E+14;8,22358E+13;6,85121E+14;5,53833E+13;5,3333E+14;1,6523E+13
;0;0;7,58893E+14;2,23372E+14;3,22464E+14;1,4767E+14;1,90333E+16;8,66066E+13;2,33108E+16;1,2305E+13
;0;0;1,37887E+16;2,76202E+14;1,01117E+16;1,21983E+14;2,04721E+16;4,13379E+13;1,02789E+16;5,39743E+13
;0;0;2,62844E+16;3,69406E+14;1,18057E+16;1,34418E+14;5,88581E+14;4,18679E+13;2,55664E+16;3,95981E+13
;0;0;2,39534E+16;2,74892E+14;1,64784E+16;1,95644E+14;1,18443E+16;1,20139E+14;2,93696E+14;1,12491E+13
;0;0;5,70112E+14;5,94375E+13;1,65559E+16;1,09861E+14;1,08978E+16;5,64294E+13;1,31245E+16;1,68366E+13
;0;0;1,15585E+16;1,98845E+14;2,76932E+14;1,66634E+14;1,84814E+16;3,65943E+13;2,06797E+16;3,40189E+13
;0;0;1,32293E+16;2,23621E+14;1,06972E+16;7,32955E+13;1,21974E+16;6,31125E+13;2,45727E+16;1,73746E+13
;0;0;7,49459E+14;1,24535E+14;1,98222E+16;1,93955E+14;7,89997E+14;3,80352E+13;2,20196E+16;2,73027E+13
;0;0;1,25943E+16;3,98855E+14;1,75774E+16;1,73261E+14;7,31421E+14;5,05237E+13;1,39388E+16;2,10405E+13
;0;0;1,6483E+16;2,25654E+14;1,09288E+16;1,97653E+14;3,48563E+14;1,79925E+13;9,21501E+14;2,66408E+13
;0;0;1,84374E+16;1,73721E+14;1,73111E+16;4,77898E+13;1,30599E+16;1,52807E+14;1,00869E+16;4,28082E+13
;0;0;1,17315E+16;2,89956E+14;4,58484E+14;1,24905E+14;8,21386E+14;6,49558E+13;9,66509E+14;2,98676E+13
;0;0;1,47352E+16;3,68694E+14;1,41947E+16;1,71716E+14;9,28741E+14;6,06835E+13;1,36465E+16;1,39648E+13
;0;0;2,55265E+16;2,90831E+14;6,15637E+14;3,48652E+13;6,20067E+14;8,33197E+13;8,26278E+14;1,06558E+13
;0;0;1,40334E+16;2,10444E+14;8,55553E+14;2,39912E+14;1,18351E+16;1,65919E+13;8,42787E+14;9,47648E+12
;0;0;1,76215E+16;2,08059E+14;1,06123E+16;1,09914E+14;8,62782E+14;3,39327E+13;1,01524E+16;3,53107E+12
;0;0;8,18339E+14;1,38118E+14;1,14136E+16;1,23202E+14;2,31988E+14;1,23503E+13;3,43182E+14;3,16092E+13
;0;0;1,10493E+16;2,2862E+14;6,56737E+14;8,11308E+13;3,61517E+14;2,94088E+13;4,08047E+14;2,46245E+13
;0;0;7,94256E+14;2,36343E+14;1,29722E+16;1,09296E+14;1,04493E+16;7,07701E+13;5,20357E+14;3,52728E+13
;0;0;1,30654E+16;1,34922E+14;2,33097E+16;2,03581E+14;1,56046E+16;6,72574E+13;3,33501E+16;3,99409E+13
;0;0;1,57799E+14;1,26829E+14;1,47299E+14;1,07363E+14;1,62815E+16;3,70713E+13;4,40901E+14;4,28723E+13
;0;0;3,60007E+14;1,161E+14;1,49944E+16;1,64814E+14;5,26778E+14;3,04222E+13;1,0555E+16;3,95565E+13
;0;0;2,75701E+14;4,18078E+13;5,41424E+14;5,14455E+13;2,53002E+16;5,39198E+13;4,03063E+14;1,28453E+13
;0;0;4,69751E+14;1,77614E+14;1,32896E+16;1,46763E+14;1,20591E+16;7,65462E+13;1,35936E+16;2,74201E+13
;0;0;1,12034E+16;1,77376E+14;7,5153E+14;1,11319E+14;4,07509E+14;8,33168E+13;1,13547E+16;4,3935E+13
;0;0;1,21511E+16;2,52444E+13;1,02424E+16;1,15255E+14;1,60479E+16;1,16986E+14;8,63951E+14;2,35335E+12
;0;0;1,27162E+16;3,73154E+14;5,6774E+14;8,98774E+13;1,20213E+16;1,07839E+14;1,16691E+16;5,32497E+13
;0;0;1,29337E+16;3,60164E+13;7,03552E+14;8,19891E+13;1,26716E+16;9,91755E+13;1,61275E+16;2,87391E+13
;0;0;1,08614E+16;1,22898E+14;6,04141E+14;1,90503E+14;7,02612E+14;8,1154E+13;2,186E+16;3,7811E+13
;0;0;8,18339E+14;2,463E+14;9,97837E+14;1,94102E+14;1,69997E+16;1,30493E+14;1,46363E+16;5,82884E+13
;0;0;3,14763E+16;4,72867E+14;1,4629E+16;9,77912E+13;8,03252E+14;7,64047E+13;7,96382E+14;5,43545E+13
;0;0;9,60298E+14;3,27497E+14;4,73283E+14;6,98992E+13;1,89201E+16;1,17876E+14;1,59802E+16;6,66195E+13
;0;0;9,78423E+14;2,29962E+14;2,22604E+16;1,80895E+14;6,5039E+14;3,64071E+13;1,29604E+16;4,67834E+13
;0;0;2,09049E+16;2,60867E+14;9,0158E+14;9,4674E+13;1,59875E+16;8,06793E+13;2,74545E+16;3,91709E+13
;0;0;2,23546E+16;3,81771E+14;9,16132E+14;9,75171E+13;1,38325E+16;3,3542E+13;1,91116E+16;8,38367E+12
;0;0;1,03575E+16;2,2278E+14;1,37318E+16;8,0856E+13;1,75795E+16;1,16943E+14;2,46047E+16;4,78547E+13
;0;0;7,31572E+14;2,05549E+14;1,36699E+16;1,0222E+14;8,45944E+14;1,10005E+14;1,14286E+16;1,75146E+13
;0;0;1,09571E+16;9,85027E+13;8,91711E+14;1,33803E+14;9,56278E+14;9,83948E+13;2,02236E+16;4,56074E+13
;0;0;9,09222E+14;2,08997E+14;2,63103E+14;6,92659E+13;1,38079E+16;6,01326E+13;2,15583E+16;4,98223E+13
;0;0;1,55142E+16;2,3627E+14;1,52468E+16;2,02499E+14;1,09599E+16;6,85289E+13;2,04847E+16;4,06578E+13
;0;0;5,59507E+14;9,99849E+13;1,28812E+16;1,21106E+14;8,66107E+14;2,80608E+13;1,26468E+16;5,3551E+13
;0;0;1,93018E+16;5,07627E+14;1,66425E+16;1,32141E+14;2,17583E+16;9,27629E+13;1,69873E+16;3,3124E+13
;0;0;1,01908E+16;1,82958E+14;2,25795E+16;2,26722E+14;1,44342E+16;8,11203E+13;8,88734E+14;3,8354E+13
;0;0;1,38039E+16;1,29867E+14;1,91285E+16;2,08324E+14;2,17205E+16;5,3393E+13;7,72481E+14;3,04695E+13
;0;0;1,24394E+16;8,87389E+13;2,33969E+16;1,42879E+14;6,96892E+14;1,4104E+14;1,40452E+16;2,64445E+13
;0;0;6,19917E+14;2,56463E+13;5,434E+14;7,26739E+13;4,46393E+14;5,24192E+13;7,08006E+14;1,97461E+13
;0;0;8,10201E+14;5,95478E+13;9,65312E+14;5,28003E+13;1,43539E+16;4,2614E+13;1,4422E+16;3,43553E+13
;0;0;2,27009E+16;5,58812E+14;9,80546E+14;2,30182E+14;1,25217E+16;5,59591E+13;1,04448E+16;5,35758E+13
;0;0;5,90242E+14;9,46789E+13;6,76321E+14;1,37235E+14;3,24666E+14;3,55399E+13;7,57424E+14;6,05165E+12
;0;0;8,07644E+14;2,7261E+14;1,31376E+16;1,06806E+14;3,63691E+14;6,21344E+13;1,2629E+14;1,02522E+13
;0;0;2,04022E+16;2,79244E+14;1,18875E+16;7,51878E+13;1,64284E+16;9,55265E+13;1,12441E+16;2,05133E+13
;0;0;1,82247E+16;3,19572E+14;1,70107E+16;1,0592E+14;1,41919E+16;8,36456E+13;2,68974E+16;2,15715E+13
;0;0;1,41403E+16;2,61187E+14;1,96819E+16;1,64545E+14;1,06612E+16;1,17043E+14;2,19004E+16;3,74538E+13
;0;0;7,30079E+12;6,0677E+13;5,03623E+14;9,92175E+13;2,35298E+16;1,00622E+14;5,38426E+14;2,00009E+13
;0;0;5,85853E+14;1,96911E+14;1,07305E+16;4,04085E+13;1,71076E+16;6,40194E+13;1,6347E+16;3,42359E+13
;0;0;1,37576E+16;1,11791E+14;1,90164E+16;2,53439E+14;1,30469E+16;1,7444E+13;5,42348E+14;1,64433E+13
;0;0;1,18593E+16;1,77907E+14;4,98025E+14;7,00298E+13;2,19399E+16;9,47604E+13;1,33773E+16;3,01505E+13
;0;0;1,35768E+16;2,30626E+14;1,03557E+16;1,91479E+14;4,24903E+14;7,5356E+13;1,26243E+16;2,98178E+13
;0;0;1,14871E+16;1,32795E+14;2,58818E+14;1,39144E+13;1,07232E+16;7,30225E+13;1,64664E+16;3,6557E+13
;0;0;3,70286E+14;1,04913E+14;1,45296E+16;2,10606E+14;1,28812E+16;4,26237E+13;1,65929E+16;3,69993E+13
;0;0;9,94618E+14;2,05991E+14;1,73499E+16;1,44038E+14;1,4967E+16;1,38388E+14;5,77117E+14;4,13843E+13
;0;0;2,12251E+16;2,51633E+14;1,25348E+16;1,52985E+14;8,38136E+14;1,61913E+13;5,62834E+14;2,82284E+13
;0;0;2,38492E+16;4,24446E+14;1,2794E+16;1,76487E+14;1,26475E+16;8,11722E+13;1,4222E+16;3,09196E+13
;0;0;1,47184E+16;1,59285E+14;9,83639E+14;7,80161E+13;1,07395E+16;2,95471E+12;2,11667E+16;3,20887E+13
;0;0;2,23743E+16;2,92176E+14;7,95833E+14;8,09209E+13;1,59757E+16;1,13927E+14;3,24482E+16;4,16742E+13
;0;0;1,12366E+16;1,53169E+14;6,29314E+13;6,64225E+13;7,2777E+14;6,72285E+13;2,15221E+16;3,10874E+13
;0;0;1,8733E+16;2,97017E+14;1,33302E+16;1,8027E+14;1,67618E+16;9,71299E+13;6,62075E+14;2,32369E+13
;0;0;9,16791E+14;9,5688E+13;1,85507E+16;1,32848E+14;7,68498E+14;6,38587E+13;9,58624E+14;3,04441E+13
;0;0;1,5427E+16;2,30248E+14;3,09008E+14;1,61866E+14;4,76474E+14;2,4902E+13;1,11045E+16;4,55404E+13
;0;0;1,09833E+16;2,42377E+14;4,55779E+14;5,0251E+13;2,2257E+16;6,13561E+13;1,19689E+14;2,96638E+13
;0;0;7,31774E+14;1,84002E+14;8,25567E+14;1,19803E+14;6,53203E+14;1,48814E+13;1,67269E+16;3,97402E+13
;0;0;1,81181E+16;2,94142E+14;2,51012E+14;7,65016E+13;4,21899E+14;5,47075E+13;1,2849E+16;2,57391E+13
;0;0;8,88452E+14;2,46856E+13;1,24431E+16;1,73139E+14;3,19549E+16;1,3162E+14;5,69887E+14;4,69461E+13
;0;0;3,26704E+14;6,46299E+13;2,48281E+14;9,11606E+12;1,19119E+16;3,29911E+13;2,27688E+16;1,11304E+13
;0;0;8,98929E+14;1,0992E+14;8,07733E+14;2,55271E+14;1,08694E+16;4,29449E+13;1,77488E+16;1,26048E+13
;0;0;1,10595E+16;3,39556E+14;2,48587E+16;1,99128E+14;4,5744E+14;7,59585E+13;1,23772E+16;2,38256E+13
;0;0;1,53984E+16;1,53894E+14;1,43337E+16;1,33573E+13;1,95517E+16;3,43902E+13;2,87478E+16;1,10718E+13
;0;0;5,21362E+14;4,31139E+13;2,93307E+14;7,67616E+13;5,11902E+14;9,42157E+13;2,1572E+14;5,22861E+13
;0;0;1,97537E+16;3,9213E+14;7,83655E+14;1,19989E+14;1,03921E+16;5,24122E+13;1,59836E+16;3,37852E+13
;0;0;1,40279E+16;2,83545E+14;7,86645E+14;4,81069E+13;1,99431E+16;1,17282E+14;5,90381E+14;6,0635E+13
;0;0;7,30007E+14;2,26222E+14;2,13228E+16;2,85979E+14;6,06566E+14;3,8762E+13;2,49368E+16;2,80946E+13
;0;0;5,94498E+14;5,26848E+13;7,53619E+14;4,50204E+13;1,66609E+16;3,35543E+13;1,45472E+16;2,55455E+13
;0;0;2,7453E+16;5,20987E+14;2,67738E+16;1,41159E+14;8,3626E+14;1,25845E+14;1,48573E+16;1,59819E+13
;0;0;1,27013E+16;2,628E+14;9,48305E+14;3,94332E+13;1,27626E+16;4,35225E+13;1,48995E+16;3,66541E+13
;0;0;4,31406E+14;1,38768E+14;1,14749E+16;7,81744E+13;8,71696E+14;8,28576E+13;2,7403E+16;2,01463E+13
;0;0;4,61194E+14;1,63757E+14;1,21757E+16;8,25442E+13;1,2414E+16;3,78227E+13;1,35395E+16;6,4476E+13
;0;0;7,5208E+14;2,57608E+14;7,60248E+14;1,17853E+14;1,81061E+16;1,54911E+14;7,07724E+14;2,36253E+13
;0;0;9,85034E+14;8,6562E+13;1,36683E+16;1,19183E+14;1,39078E+16;5,62221E+13;1,92777E+14;3,5157E+13
;0;0;4,52017E+14;1,42788E+14;2,01687E+14;9,6274E+13;7,62967E+14;2,58169E+13;5,3791E+14;1,0258E+13
;0;0;8,70266E+14;1,24144E+14;1,35318E+16;2,02244E+14;7,22527E+14;5,60317E+13;5,60063E+14;1,45605E+13
;0;0;1,88242E+16;3,46724E+14;1,10222E+16;7,9612E+13;2,30262E+16;4,94189E+13;9,55377E+14;9,88238E+12
;0;0;2,06551E+16;2,55848E+14;1,03476E+16;3,43129E+13;1,25663E+16;5,37063E+13;1,50299E+16;4,47989E+13
;0;0;8,62313E+14;1,95439E+14;1,1844E+16;2,75024E+14;1,09382E+16;3,70469E+13;1,26026E+16;4,03959E+13
;0;0;7,4697E+14;6,49372E+13;1,71942E+16;2,27555E+14;1,7588E+16;3,06335E+13;1,57712E+16;3,59719E+13
;0;0;2,15892E+16;3,12354E+14;9,81988E+14;2,17733E+14;6,9008E+14;5,41143E+13;1,30675E+16;2,05501E+13
;0;0;6,37671E+14;8,15918E+13;4,88269E+14;1,89441E+13;1,23533E+16;5,35701E+13;4,07078E+14;5,36583E+13
;0;0;9,3987E+14;3,38997E+13;1,12993E+16;7,56527E+13;1,46772E+16;4,60323E+13;1,44334E+16;2,13665E+13
;0;0;4,21817E+14;1,84214E+14;1,46268E+16;2,7026E+14;9,57937E+14;5,75487E+13;1,54615E+16;1,66385E+13
;0;0;2,03827E+16;2,44126E+14;7,71591E+14;1,32502E+14;9,36481E+14;5,37045E+13;1,40586E+16;3,40955E+13
;0;0;1,41509E+16;1,50389E+14;1,30827E+16;1,43018E+14;4,28237E+14;4,46762E+13;4,84151E+14;3,20629E+13
;0;0;1,83305E+16;2,6848E+14;1,05218E+16;5,87452E+13;1,16288E+16;4,9437E+13;1,76098E+16;1,65152E+13
;0;0;6,80525E+14;1,60839E+14;9,49944E+14;5,04692E+13;7,38145E+14;3,37487E+13;1,22043E+16;2,76752E+13
;0;0;8,32783E+14;5,84038E+13;8,03534E+14;2,0714E+14;5,57502E+14;5,01655E+13;4,17599E+14;4,64289E+13
;0;0;9,9587E+14;1,96076E+14;2,02679E+14;4,22394E+13;2,30874E+16;1,32175E+14;8,02694E+14;2,49553E+13
;0;0;1,15645E+16;8,30303E+13;6,84255E+14;6,22792E+13;1,43427E+16;5,0212E+13;1,9209E+16;3,81369E+13
;0;0;4,54257E+14;2,03039E+14;8,09978E+14;9,03694E+13;2,29588E+16;1,2646E+14;2,45334E+16;2,80384E+13
;0;0;1,7146E+16;4,52834E+14;1,50532E+16;5,66691E+13;4,83134E+14;1,21189E+14;7,48118E+14;3,53569E+13
;0;0;4,09803E+14;1,04984E+14;1,83772E+14;1,75397E+14;7,28607E+14;5,29662E+13;1,5193E+16;1,93635E+13
;0;0;3,70128E+14;1,30642E+14;8,54191E+14;1,05516E+14;1,64764E+14;5,08694E+13;8,31158E+14;1,12434E+13
;0;0;1,10697E+16;1,72002E+14;8,06478E+14;1,17658E+14;3,79359E+14;8,89029E+13;8,11751E+14;1,95179E+13
;0;0;1,30241E+16;2,7889E+14;1,11616E+16;1,70966E+14;4,38859E+14;2,27638E+13;5,89127E+14;2,85929E+13
;0;0;6,37949E+14;1,76094E+14;5,58802E+14;4,55561E+13;7,89133E+14;6,02968E+13;8,8668E+13;1,28637E+13
;0;0;8,18761E+14;1,56529E+14;8,83184E+14;1,36141E+14;4,28271E+14;4,23025E+13;9,91768E+14;1,5946E+13
;0;0;1,16514E+16;8,53349E+13;9,25378E+14;8,1208E+13;1,58015E+16;8,55086E+13;1,5283E+16;9,77014E+12
;0;0;8,39549E+14;1,80029E+14;1,77368E+16;1,06222E+14;4,61156E+14;1,65372E+13;1,7349E+16;1,52012E+13
;0;0;7,13075E+14;1,94597E+13;1,97307E+14;1,04561E+14;8,12275E+14;6,10336E+13;1,06433E+16;4,54929E+13
;0;0;6,50161E+14;8,16885E+13;5,21902E+14;5,12725E+13;1,79763E+16;1,35999E+14;1,12261E+16;2,42504E+13
;0;0;1,3358E+14;2,19827E+14;8,64196E+14;1,65967E+14;1,19494E+16;5,39853E+13;1,53276E+16;3,55911E+13
;0;0;3,69218E+14;3,23153E+13;2,54267E+16;5,42953E+13;1,4295E+16;3,97636E+13;3,99578E+14;5,83061E+13
;0;0;1,15919E+16;2,50678E+14;3,37372E+14;5,85861E+13;2,6314E+16;1,45363E+14;1,05655E+16;4,36853E+12
;0;0;1,4541E+16;3,65771E+14;9,44158E+14;1,01161E+14;1,24686E+16;4,68947E+13;3,39772E+14;3,0116E+13
;0;0;1,25099E+16;2,09874E+14;1,44199E+16;8,68451E+13;8,4229E+14;3,12953E+13;5,87095E+14;1,11046E+13
;0;0;7,17199E+14;8,19814E+13;2,36578E+16;1,65724E+14;1,27016E+16;4,58523E+13;1,18563E+16;1,61722E+13
;0;0;9,14338E+14;8,82323E+13;8,13228E+14;5,81225E+13;1,13046E+16;4,27794E+13;3,90756E+14;3,29021E+13
;0;0;1,00641E+16;9,57121E+13;5,07275E+14;1,56254E+14;7,33861E+14;2,94201E+13;6,61898E+14;1,87789E+13
;0;0;2,47007E+16;4,27269E+14;1,96679E+16;2,9397E+14;1,06232E+16;4,74388E+13;2,0197E+16;3,22774E+13
;0;0;1,15703E+16;2,69543E+14;1,53444E+16;2,64018E+14;5,29657E+14;6,23568E+13;1,32497E+16;6,81106E+13
;0;0;8,29772E+14;2,51144E+14;4,72576E+14;8,00555E+13;1,05849E+16;1,07947E+14;2,70525E+14;2,29881E+13
;0;0;2,16674E+16;3,69085E+14;2,03063E+16;2,67778E+14;1,34943E+16;6,15679E+13;1,62194E+16;2,23439E+13
;0;0;1,37793E+16;2,66204E+14;6,87116E+14;9,52614E+13;1,47549E+16;4,92681E+13;7,11533E+14;3,43369E+13
;0;0;1,45706E+16;2,35638E+14;3,62673E+14;1,71706E+14;5,87585E+14;1,12539E+14;5,54255E+14;3,3618E+13
;0;0;8,68902E+14;2,87518E+14;1,21877E+16;1,08433E+14;1,86316E+16;5,24591E+13;9,54325E+14;4,20065E+13
;0;0;1,56212E+16;3,2757E+14;1,87495E+16;1,28289E+14;9,41925E+14;6,46981E+13;1,14168E+16;4,7672E+13
;0;0;1,35093E+14;2,6959E+14;1,95266E+16;2,02146E+14;1,10769E+16;3,12334E+13;4,55545E+14;2,25249E+13
;0;0;8,38925E+14;2,02529E+14;1,72016E+16;2,29061E+14;6,58702E+14;7,06537E+13;6,0846E+14;2,70904E+13
;0;0;1,1961E+16;1,6605E+14;1,02238E+16;1,84774E+14;1,81172E+16;9,96286E+13;1,09307E+16;4,53357E+13
;0;0;1,08956E+16;2,20285E+14;1,03028E+16;7,78856E+13;6,33908E+14;6,79108E+13;8,05691E+14;1,5008E+13
;0;0;1,87603E+16;5,12258E+14;7,52302E+14;1,5203E+14;3,73419E+14;4,40179E+13;3,08682E+16;6,12866E+13
;0;0;2,46174E+16;4,34083E+14;9,33496E+14;1,75077E+14;1,20686E+16;1,15457E+14;9,46481E+14;6,62062E+13
;0;0;1,52578E+16;3,91324E+14;1,52053E+16;1,275E+14;1,04043E+16;4,09064E+12;5,86796E+14;8,07139E+12
;0;0;5,58225E+14;1,86744E+14;9,58694E+14;6,25525E+13;1,14807E+16;5,67067E+13;2,80688E+16;1,21051E+13
;0;0;1,69531E+16;6,90591E+13;8,77694E+14;1,41064E+14;1,05607E+16;4,26286E+13;1,15446E+16;5,43221E+13
;0;0;7,80003E+14;6,74945E+13;1,64389E+16;1,45702E+14;1,39379E+16;5,61177E+13;1,48249E+16;1,71433E+13
;0;0;6,70109E+14;2,81411E+14;5,7624E+14;1,39919E+14;1,10845E+16;1,55199E+13;1,53809E+16;3,28232E+13
;0;0;7,83036E+14;2,67978E+14;7,92969E+14;1,16828E+14;2,16306E+16;9,22635E+13;1,48024E+16;2,24148E+13
;0;0;6,05671E+14;1,13838E+14;1,61064E+16;1,36319E+14;2,37934E+16;1,0941E+14;1,86754E+16;1,06774E+13
;0;0;8,19221E+14;6,68118E+13;1,52508E+16;7,72936E+13;7,45633E+14;1,86937E+13;1,64895E+16;2,55311E+13
;0;0;1,57135E+16;7,61305E+13;1,18592E+16;1,5408E+14;2,05265E+16;7,6465E+13;1,82605E+16;3,14913E+13
;0;0;1,29451E+16;2,70843E+14;1,34577E+16;1,30859E+14;8,76578E+14;6,38248E+13;9,67817E+14;6,04639E+12
;0;0;2,15385E+16;2,8056E+14;1,02249E+16;8,98851E+13;1,52229E+16;6,64226E+12;2,11115E+16;2,5476E+13
;0;0;1,53598E+16;1,71913E+14;2,94886E+14;1,15484E+14;9,28837E+14;4,00765E+13;3,95427E+14;4,73125E+13
;0;0;1,36159E+16;3,55384E+14;1,33249E+16;1,87816E+14;5,00216E+14;1,25754E+14;7,29533E+14;4,11341E+13
;0;0;1,1077E+16;1,02187E+14;1,4927E+16;5,9539E+13;5,5416E+14;1,26785E+14;1,56812E+16;2,43012E+13
;0;0;6,69699E+14;2,30991E+14;8,63608E+14;4,17466E+13;1,48909E+16;2,63709E+13;1,55368E+16;1,62776E+13
;0;0;1,55195E+16;3,813E+14;1,91064E+16;2,23228E+14;1,21122E+16;4,43728E+13;1,91285E+16;2,57721E+13
;0;0;2,15008E+16;3,37139E+14;3,28776E+16;3,88197E+14;1,25156E+16;1,23805E+13;2,56748E+16;6,24761E+13
;0;0;1,84296E+16;2,83487E+14;1,04438E+16;7,23363E+13;3,31663E+16;1,48079E+14;2,54899E+14;5,66292E+13
;0;0;1,64631E+14;5,29835E+13;9,96329E+14;2,315E+13;7,03971E+14;8,29195E+13;1,30513E+16;2,41511E+13
;0;0;5,01053E+14;8,80997E+13;9,2148E+14;8,38903E+13;1,24658E+16;7,31417E+13;4,947E+14;3,50321E+13
;0;0;1,17797E+16;1,52508E+14;1,08272E+16;1,82117E+14;1,20156E+16;9,22743E+13;1,56517E+16;3,73749E+13
;0;0;1,76908E+16;3,1036E+14;1,37762E+16;1,54706E+14;7,17623E+14;4,16512E+13;1,16562E+16;9,11413E+12
;0;0;7,08244E+14;7,86298E+13;9,56682E+14;1,17222E+14;8,75729E+14;3,01651E+13;6,81631E+14;3,02665E+13
;0;0;5,04451E+14;1,09149E+14;1,10935E+16;4,30792E+13;1,11054E+16;2,31111E+13;2,2392E+16;3,64912E+13
;0;0;1,57773E+16;2,92303E+14;3,6928E+14;1,27913E+14;1,08539E+16;5,74953E+13;1,16929E+16;1,35482E+13
;0;0;2,83449E+14;1,72528E+14;4,80788E+14;6,23689E+13;1,12978E+16;3,51731E+13;6,9148E+14;1,87809E+13
;0;0;4,96213E+14;2,03516E+14;1,41039E+16;1,09179E+14;5,93826E+14;4,49562E+13;9,7788E+14;2,59634E+13
;0;0;3,33374E+14;3,36963E+13;3,60484E+14;1,21774E+14;4,72456E+14;5,08129E+13;1,92316E+14;1,43944E+13
;0;0;1,08887E+16;1,97504E+14;4,63711E+14;1,07268E+14;1,45806E+16;6,32545E+13;5,56765E+14;3,44628E+13
;0;0;1,53552E+16;2,24824E+14;2,07762E+16;1,90023E+14;6,6268E+14;9,87406E+13;1,11E+16;8,77757E+12
;0;0;1,16714E+16;2,01935E+14;1,71397E+16;1,01137E+14;1,76583E+16;7,30991E+13;1,80812E+16;3,21144E+13
;0;0;1,28195E+16;3,76148E+14;1,21668E+16;8,18475E+13;2,07693E+16;1,12153E+14;2,21951E+16;2,14879E+13
;0;0;1,93928E+16;2,82691E+14;1,43104E+16;8,10336E+13;1,94792E+16;7,86121E+13;8,27076E+14;5,90076E+13
;0;0;1,41551E+16;1,99773E+14;6,01724E+14;1,19647E+14;8,93418E+14;4,51286E+13;1,33603E+16;3,00422E+13
;0;0;1,20897E+16;2,14492E+14;2,56841E+16;2,41267E+14;1,49132E+16;1,0703E+14;2,84822E+16;1,03876E+14
;0;0;1,87117E+14;1,74602E+14;4,55427E+14;1,37251E+14;2,10825E+16;8,67408E+13;1,32176E+16;4,88616E+13
;0;0;6,24882E+14;1,3176E+14;2,90209E+14;6,4442E+13;1,07834E+16;5,45888E+13;1,17935E+16;6,17115E+13
;0;0;3,86181E+14;4,01984E+14;5,54487E+14;1,31387E+14;8,15558E+14;6,99698E+13;1,75574E+16;4,33454E+13
;0;0;1,0927E+16;1,97864E+14;9,46505E+14;5,07288E+13;2,83105E+14;4,49006E+13;1,87552E+16;8,06853E+12
;0;0;1,04847E+16;3,44266E+14;2,45219E+13;1,05794E+14;1,59412E+16;2,09531E+13;8,73879E+14;8,63502E+12
;0;0;1,88594E+16;2,1507E+14;1,43787E+16;4,24093E+13;1,97547E+16;9,7894E+13;1,62142E+16;5,83576E+13
;0;0;3,82859E+14;3,00718E+14;1,60424E+16;1,23399E+14;1,07334E+16;5,34859E+13;1,17517E+14;3,73968E+13
;0;0;7,50812E+14;9,04565E+13;1,59146E+14;3,93657E+13;9,55151E+14;1,14975E+14;2,18969E+16;2,37257E+13
;0;0;5,04833E+14;9,01007E+13;2,73161E+14;6,85304E+13;1,03954E+16;7,50339E+13;1,20568E+16;8,95277E+12
;0;0;1,57813E+16;2,80883E+14;1,43179E+16;1,48984E+14;1,71956E+16;9,90798E+13;1,96019E+16;3,56682E+13
;0;0;1,31487E+16;1,86987E+14;4,8633E+14;1,19097E+14;8,15552E+14;1,09666E+14;7,44072E+14;4,25203E+13
;0;0;1,06356E+16;2,09749E+14;7,33738E+14;5,35954E+13;2,04113E+16;5,41213E+13;2,00787E+16;2,52158E+13
;0;0;2,37011E+16;4,182E+14;1,37747E+16;9,85124E+13;5,3418E+14;5,65781E+13;1,63741E+16;4,62907E+13
;0;0;1,93004E+16;1,50576E+14;1,16666E+16;1,04551E+14;2,38897E+16;8,13947E+13;2,35673E+16;2,5914E+13
;0;0;2,42102E+16;3,21253E+14;7,85415E+14;5,84833E+13;1,17667E+16;2,58626E+13;5,19238E+14;7,66449E+12
;0;0;2,56072E+16;5,5132E+14;1,49112E+16;2,09088E+14;3,261E+14;7,03831E+13;5,53596E+14;3,8431E+13
;0;0;3,55573E+14;1,69514E+14;4,55007E+14;1,25058E+14;8,86214E+14;1,51451E+13;4,68194E+14;2,97023E+13
;0;0;1,4494E+16;1,20094E+14;1,64909E+16;9,10117E+13;3,58933E+14;8,45896E+13;1,01544E+16;3,73986E+13
;0;0;1,14545E+16;1,01427E+14;7,7964E+14;1,32519E+14;1,06651E+16;2,00547E+13;2,2887E+16;4,18014E+13
;0;0;9,6153E+14;2,68078E+14;3,05218E+14;1,48338E+14;1,58388E+16;5,00066E+13;1,25326E+16;2,57468E+13
;0;0;1,37491E+16;1,34215E+14;2,13984E+16;1,72048E+14;1,02463E+16;4,3938E+13;7,5612E+14;4,02996E+13
;0;0;7,4776E+14;6,88602E+13;1,85457E+16;9,93009E+13;1,84422E+16;1,25976E+14;9,02608E+14;5,20087E+12
;0;0;1,63834E+16;1,28728E+14;4,32032E+14;8,17892E+13;5,77673E+14;6,76691E+13;9,03232E+14;3,4552E+13
;0;0;1,743E+16;1,9703E+14;1,12107E+16;8,70181E+13;2,5705E+16;1,23455E+14;1,76035E+16;2,89987E+13
;0;0;6,99662E+14;2,68189E+13;3,49219E+14;1,22209E+14;1,5509E+16;1,88145E+13;1,89995E+16;3,20987E+13
;0;0;1,11362E+16;6,68146E+13;6,80085E+14;1,28277E+14;1,40019E+16;3,98824E+13;9,55501E+14;1,23885E+13
;0;0;8,28797E+14;1,57993E+14;1,3909E+14;4,94819E+13;4,87176E+14;3,74742E+13;1,5307E+16;4,04176E+13
;0;0;6,15501E+14;3,7211E+13;6,30031E+14;5,37036E+13;2,42394E+16;1,53229E+14;1,94791E+14;1,84337E+13
;0;0;2,00346E+14;8,93309E+13;2,83446E+14;8,04692E+13;2,52008E+14;4,87031E+13;5,09564E+14;3,52613E+13
;0;0;2,76456E+16;3,56452E+14;3,5112E+16;3,83468E+14;1,7558E+16;6,38989E+13;9,96922E+14;6,22454E+13
;0;0;1,20299E+16;1,43399E+14;4,71068E+14;5,05073E+13;6,13709E+14;2,81822E+13;1,55109E+16;6,75594E+12
;0;0;4,23816E+14;2,00848E+14;6,3066E+14;3,62782E+13;1,51082E+16;1,07902E+14;6,70488E+14;1,5718E+13
;0;0;2,35606E+16;4,98528E+14;5,77016E+14;1,34232E+14;2,43148E+16;1,50963E+14;1,63161E+16;4,41239E+13
;0;0;1,36859E+16;1,66767E+14;3,78267E+14;4,35518E+13;3,87191E+14;9,10393E+13;1,43236E+16;3,41536E+13
;0;0;1,06799E+16;1,47522E+14;1,27646E+16;1,21374E+14;1,0129E+16;1,44621E+14;2,09428E+16;1,05849E+13
;0;0;1,99665E+16;3,45013E+14;4,67881E+14;5,40874E+13;1,31651E+16;5,32987E+13;1,8911E+16;2,48529E+13
;0;0;1,98927E+16;2,06147E+14;8,92535E+14;2,20693E+13;1,54546E+16;9,7991E+13;5,76168E+14;8,92137E+12
;0;0;6,8556E+14;1,71367E+14;1,19386E+16;1,92791E+14;9,79199E+14;1,77907E+13;1,1873E+16;3,18802E+13
;0;0;1,75665E+16;3,41117E+14;4,65724E+14;5,17586E+13;1,22751E+16;9,90791E+13;2,33798E+14;9,88593E+12
;0;0;7,28317E+14;4,98087E+13;9,67192E+14;1,50321E+14;1,50311E+14;3,83794E+13;1,46276E+16;9,67494E+12
;0;0;2,19941E+16;3,63385E+14;5,21628E+14;1,31637E+14;7,07708E+14;3,58329E+13;2,25326E+16;1,87007E+13
;0;0;8,23475E+14;1,92863E+14;1,14383E+14;1,32025E+14;1,29958E+16;8,13948E+13;7,67664E+14;3,53404E+13
;0;0;7,55487E+14;1,49139E+14;1,18636E+16;8,58009E+13;1,56089E+16;4,21281E+13;5,69539E+14;2,80871E+12
;0;0;3,46438E+14;2,44055E+14;1,60987E+16;1,86164E+14;6,99052E+14;1,14773E+14;1,31279E+16;1,19498E+13
;0;0;1,68209E+16;3,10081E+14;9,83646E+14;1,46345E+14;1,19782E+16;4,20271E+13;9,43872E+14;3,94072E+13
;0;0;9,32435E+14;1,15661E+14;2,01131E+16;1,33881E+14;1,51475E+16;7,72329E+13;9,83911E+14;4,10541E+13
;0;0;8,22868E+14;1,81138E+14;7,53374E+14;1,11157E+14;2,27974E+16;8,0095E+13;1,79009E+16;3,55615E+13
;0;0;1,90149E+16;3,67065E+14;3,36917E+14;6,09892E+13;1,04576E+16;8,92751E+13;7,76091E+14;2,92325E+13
;0;0;9,63501E+14;9,40558E+13;1,14283E+16;1,12999E+14;1,12698E+16;1,5618E+13;2,40025E+16;2,60416E+13
;0;0;2,11724E+16;3,34193E+14;7,45276E+13;9,91632E+13;2,82962E+14;5,75763E+13;1,68277E+16;4,08212E+13
;0;0;1,61565E+16;1,12187E+14;1,56016E+16;9,46876E+13;2,36793E+16;6,7757E+13;1,85318E+16;6,15118E+13
;0;0;1,75233E+16;3,00113E+14;5,97942E+13;2,99352E+13;1,15041E+16;5,83525E+13;1,29842E+16;1,46809E+13
;0;0;4,99834E+14;1,82969E+14;1,85497E+16;2,1562E+14;1,76894E+16;1,03627E+13;2,18992E+16;6,29479E+13
;0;0;1,3662E+16;1,53191E+13;4,16074E+14;1,25406E+14;2,13818E+16;4,015E+13;2,0613E+16;5,45253E+13
;0;0;1,05952E+16;1,74411E+14;1,85358E+16;2,31271E+14;1,17915E+16;7,70636E+13;2,01243E+16;1,69031E+13
;0;0;9,13272E+14;1,92426E+14;1,2432E+16;9,63711E+13;8,47541E+14;6,71612E+13;3,23556E+14;5,30633E+13
;0;0;4,5521E+14;2,84966E+13;1,36638E+16;5,54253E+13;1,20104E+16;9,97136E+13;1,3453E+16;1,72688E+13
;0;0;3,63472E+14;2,00832E+14;6,51052E+14;7,4258E+13;3,60796E+14;2,97263E+13;1,31219E+16;3,13118E+12
;0;0;2,35022E+16;4,20879E+14;1,54796E+16;1,78362E+14;2,03226E+16;4,74592E+13;3,21052E+14;7,07545E+13
;0;0;9,1701E+14;2,17028E+14;2,29149E+14;9,75362E+12;6,57739E+14;6,54271E+13;5,20219E+14;2,85969E+13
;0;0;2,41883E+16;3,45446E+14;1,22977E+16;2,16501E+14;9,5824E+14;5,87792E+13;1,95873E+16;4,90962E+13
;0;0;6,30147E+14;1,04632E+14;7,76112E+14;6,125E+13;1,08825E+16;5,25469E+13;5,39794E+14;4,23777E+13
;0;0;1,00242E+16;1,0475E+14;7,50086E+14;9,9524E+13;5,81843E+14;2,5468E+13;8,55757E+14;1,47072E+13
;0;0;3,95256E+14;1,53811E+14;4,05323E+14;6,27158E+13;1,77662E+16;5,62022E+13;1,50382E+16;2,02243E+13
;0;0;5,62369E+14;1,591E+14;1,30497E+16;1,31921E+14;2,46097E+16;9,74433E+13;3,36104E+14;6,47831E+13
;0;0;9,67577E+14;1,26794E+14;1,07261E+14;2,1968E+13;8,54091E+14;1,16087E+13;1,44096E+16;1,25442E+13
;0;0;1,85246E+16;3,58633E+14;1,07235E+16;2,00442E+14;1,32342E+16;7,95053E+13;1,20159E+16;7,50915E+13
;0;0;8,49618E+14;1,80729E+14;1,42314E+16;1,32748E+14;3,29931E+14;9,74927E+13;1,15387E+16;1,95122E+13
;0;0;3,82611E+14;1,13052E+14;1,5564E+16;1,09208E+14;6,13698E+14;3,41885E+13;1,24559E+16;9,78635E+12
;0;0;3,00059E+16;3,83026E+14;1,20758E+16;2,54371E+14;3,28684E+16;1,31305E+14;1,61745E+16;3,4402E+13
;0;0;4,65647E+14;1,40395E+14;6,89414E+14;5,4839E+13;6,95889E+14;6,1629E+13;8,13486E+14;2,70351E+13
;0;0;2,27509E+16;2,18688E+14;1,14788E+16;1,12821E+14;7,00811E+14;2,9503E+13;2,08184E+16;8,75917E+12
;0;0;1,3522E+16;2,66393E+14;1,91279E+16;1,61398E+14;1,64676E+16;1,50733E+13;5,45068E+14;1,4626E+13
;0;0;2,45262E+14;1,78641E+14;5,35224E+14;1,3794E+14;6,59392E+14;6,93481E+13;9,16597E+14;2,73829E+13
;0;0;1,6083E+16;2,07551E+14;1,09649E+16;6,20814E+13;1,27513E+16;1,90965E+13;1,50776E+16;4,13856E+13
;0;0;1,61754E+16;1,10637E+14;1,11983E+16;1,66798E+14;1,26832E+16;9,04005E+13;2,14311E+16;2,78241E+13
;0;0;1,9686E+14;1,82302E+14;1,24314E+16;1,13076E+14;5,74132E+14;3,76701E+13;1,59335E+16;2,80078E+13
;0;0;1,0165E+16;3,547E+14;8,09085E+14;4,55028E+13;1,1373E+16;5,37498E+13;3,56813E+16;2,29188E+13
;0;0;1,82081E+16;2,37007E+14;1,92042E+16;2,42527E+14;7,73983E+14;6,00498E+13;1,93033E+16;5,80469E+13
;0;0;1,39526E+16;1,10372E+14;1,3357E+16;2,06867E+14;8,40899E+14;3,02875E+13;7,41194E+14;2,96136E+13
;0;0;1,11971E+16;2,21904E+14;1,52679E+13;9,77133E+13;1,48612E+16;1,06506E+14;5,09061E+14;2,10354E+13
;0;0;1,4564E+16;1,68927E+14;7,32072E+14;1,24582E+14;1,05163E+16;6,8475E+13;8,24046E+14;2,49847E+13
;0;0;9,80948E+14;5,14181E+13;5,48484E+14;7,9891E+13;3,73227E+14;4,02049E+13;7,89512E+14;6,47091E+12
;0;0;1,78148E+16;3,07679E+14;1,01802E+16;1,14004E+14;7,50893E+14;2,91935E+13;5,88021E+14;3,17814E+13
;0;0;5,9615E+14;3,24395E+14;1,30144E+16;8,93507E+13;1,06151E+16;3,13595E+13;3,01852E+16;4,16353E+13
;0;0;1,27091E+16;2,24694E+14;6,449E+14;5,20715E+13;1,7823E+16;1,46446E+14;6,5476E+14;1,1169E+13
;0;0;9,43112E+14;2,53592E+14;6,48662E+14;1,40353E+14;9,40012E+14;6,52063E+13;1,22013E+16;1,24126E+13
;0;0;1,18124E+16;9,66153E+13;1,33912E+16;7,16556E+13;5,75994E+14;2,90294E+13;7,0597E+14;4,0801E+13
;0;0;2,0008E+16;4,09817E+14;3,58716E+14;9,84988E+13;9,20247E+14;1,06389E+14;5,22066E+14;8,57E+12
;0;0;7,81024E+14;1,16862E+14;1,22805E+16;1,34181E+14;7,7084E+14;5,5985E+13;6,64134E+14;1,80346E+13
;0;0;4,78683E+14;4,21325E+13;1,248E+16;1,94291E+14;1,34018E+16;2,43167E+13;2,91262E+16;2,63345E+13
;0;0;1,80902E+16;2,33009E+14;1,43689E+16;4,85583E+13;6,65386E+14;7,81129E+13;1,84745E+16;1,92411E+13
;0;0;2,18137E+16;2,90634E+14;5,88705E+14;8,55275E+13;2,4948E+16;1,44058E+14;1,50153E+16;2,25064E+13
;0;0;1,75549E+16;2,01754E+14;5,97126E+14;2,55427E+13;6,49752E+14;5,43327E+13;6,29577E+14;3,63193E+13
;0;0;8,63347E+14;1,08814E+14;1,05755E+16;5,94594E+13;8,09854E+14;4,71859E+13;1,13078E+16;1,9943E+13
;0;0;8,47418E+14;7,39236E+13;1,04109E+16;1,49621E+14;9,78546E+14;9,32235E+13;1,73012E+16;4,16897E+13
;0;0;1,33271E+16;2,37497E+14;9,44219E+14;9,94066E+13;1,67182E+16;7,35249E+13;3,71343E+14;4,3925E+13
;0;0;2,78992E+14;2,55875E+13;1,53644E+16;2,03417E+14;2,297E+16;6,79925E+13;7,08753E+14;1,45774E+13
;0;0;7,84296E+14;2,68749E+14;1,76485E+16;9,30609E+13;6,85836E+14;7,57371E+13;1,29182E+16;4,91894E+13
;0;0;4,38408E+14;8,59162E+13;7,02252E+14;2,09458E+13;7,06787E+14;2,45383E+13;2,474E+16;4,47196E+13
;0;0;1,19672E+16;3,01019E+14;2,78771E+16;2,31934E+14;2,77724E+14;4,38928E+13;1,25365E+16;5,2714E+13
;0;0;1,53988E+16;4,15502E+14;1,54056E+16;1,46998E+14;1,2844E+16;5,571E+13;1,46256E+16;1,85642E+13
;0;0;1,74959E+16;3,68691E+14;1,96904E+16;2,67878E+14;2,46664E+16;9,38964E+13;2,23994E+16;9,73536E+12
;0;0;6,98985E+14;2,16106E+14;8,1256E+14;1,25358E+14;9,97082E+14;6,32244E+13;3,83932E+14;2,29874E+13
;0;0;3,61122E+14;2,40648E+14;6,11769E+14;7,22894E+13;9,92968E+14;1,93692E+13;9,65398E+14;9,02813E+12
;0;0;1,58837E+16;2,66955E+14;1,41142E+16;1,52188E+14;6,56414E+14;4,98552E+13;6,28334E+14;1,42739E+13
;0;0;1,49918E+16;2,44187E+14;8,49906E+14;1,08679E+14;1,9857E+16;8,82898E+13;1,33935E+16;1,97456E+13
;0;0;1,52638E+16;2,14392E+14;2,91799E+14;9,84123E+13;9,48745E+14;3,66502E+13;3,25679E+14;2,48606E+13
;0;0;3,78337E+14;2,32042E+14;3,60556E+14;6,1231E+13;6,12699E+14;8,78161E+13;2,01296E+16;4,70403E+13
;0;0;1,28017E+16;2,18237E+14;1,29626E+16;5,67517E+13;1,2439E+16;1,25298E+14;1,29627E+16;3,42321E+13
;0;0;1,3195E+16;1,83188E+14;5,17458E+14;9,5878E+13;1,09916E+16;5,79153E+13;5,86333E+14;4,68553E+13
;0;0;1,37416E+16;2,06326E+14;1,52168E+16;1,39678E+14;1,91651E+16;1,01685E+14;1,10235E+16;5,59984E+13
;0;0;1,75122E+16;2,38535E+14;1,95083E+16;1,65256E+14;1,58919E+16;4,18768E+13;1,43883E+16;3,3562E+13
;0;0;2,40404E+16;3,74944E+14;2,0153E+16;2,76579E+14;1,20564E+16;3,74225E+13;1,51051E+16;5,06352E+13
;0;0;5,01182E+14;5,785E+13;1,44299E+16;2,53258E+13;1,44921E+16;1,08296E+14;7,67101E+14;2,66867E+13
;0;0;7,67748E+14;2,96391E+14;1,5601E+14;8,21018E+13;9,36712E+14;9,74404E+13;7,52425E+14;1,47789E+13
;0;0;2,47357E+16;2,18085E+14;1,05056E+16;1,83196E+14;7,98509E+14;7,19851E+13;2,42493E+16;4,05198E+13
;0;0;1,68758E+16;2,60403E+14;7,24892E+14;3,47598E+13;3,65018E+16;1,10546E+14;8,85427E+14;2,41908E+13
;0;0;1,47531E+16;3,68202E+14;4,54445E+14;1,37377E+14;1,80095E+16;1,28202E+14;7,55464E+14;9,88141E+13
;0;0;1,27651E+16;1,19607E+14;1,09E+16;3,1059E+13;1,43554E+16;2,97541E+13;1,63241E+16;3,01834E+13
;0;0;1,04209E+16;1,20246E+14;6,82502E+14;2,21552E+14;1,37185E+16;6,37686E+13;9,94229E+14;1,05134E+13
;0;0;1,22217E+16;2,30899E+14;6,92279E+14;1,4043E+14;1,11446E+16;7,96885E+13;1,1374E+16;3,89017E+13
